1	12680280	12680281	29	0/1
1	59006784	59006785	33	1/1
1	64985378	64985379	30	1/1
1	170261473	170261474	48	0/1
1	176718207	176718208	29	1/1
1	200558650	200558651	31	0/1
1	241121346	241121347	38	0/1
1	242810003	242810004	35	1/1
2	152264373	152264374	31	0/1
2	165369313	165369314	36	1/1
2	211944627	211944628	33	1/1
2	223975395	223975396	29	1/1
3	2819988	2819989	29	1/1
3	3556383	3556384	32	1/1
3	34880406	34880407	30	0/1
3	45078031	45078032	35	1/1
3	53007157	53007158	39	1/1
3	133684614	133684615	31	0/1
3	134911143	134911144	35	1/1
4	54330655	54330656	32	0/1
4	147337373	147337374	31	0/1
5	1430912	1430913	32	1/1
5	8727619	8727620	29	1/1
5	30450106	30450107	30	0/1
5	67512591	67512592	29	0/1
5	103742817	103742818	33	0/1
6	18679128	18679129	34	1/1
6	22196675	22196676	42	0/1
6	147714729	147714730	35	0/1
8	8611805	8611806	34	0/1
8	40307162	40307163	29	1/1
8	55488712	55488713	60	0/1
8	118939645	118939646	32	1/1
9	6995242	6995243	37	0/1
9	73933939	73933940	29	1/1
9	82338273	82338274	31	0/1
9	119823656	119823657	33	1/1
10	22602181	22602182	32	1/1
10	62139124	62139125	43	1/1
11	44954597	44954598	30	1/1
11	69409783	69409784	30	1/1
11	74380553	74380554	32	0/1
11	80239000	80239001	32	0/1
11	103456830	103456831	40	0/1
11	103529092	103529093	29	1/1
12	29598354	29598355	39	1/1
12	72119668	72119669	29	1/1
12	87250529	87250530	29	0/1
13	109750388	109750389	31	1/1
16	56952450	56952451	40	1/1
17	9463068	9463069	32	0/1
17	30476522	30476523	33	0/1
18	37868619	37868620	37	1/1
18	47901293	47901294	36	1/1
18	72097243	72097244	31	0/1
18	77143038	77143039	33	1/1
19	10929084	10929085	34	1/1
19	14371854	14371855	41	0/1
19	16023478	16023479	29	1/1
20	239411	239412	34	1/1
21	44269251	44269252	37	0/1
22	50264809	50264810	32	0/1
X	23949950	23949951	38	0/1
