1	12680274	12680274	30
1	59006783	59006784	35
1	64985378	64985378	30
1	153607075	153607075	36
1	154617970	154617970	35
1	170261473	170261473	48
1	182227408	182227414	33
1	200558650	200558650	31
1	215438182	215438183	36
1	215438182	215438183	36
1	230345102	230345103	30
1	241121346	241121346	38
1	242809979	242809980	38
1	244238135	244238137	30
2	13636269	13636269	30
2	67428297	67428297	34
2	81158735	81158739	36
2	152264368	152264373	37
2	156150260	156150260	36
2	165369313	165369313	36
2	211944625	211944627	36
2	212966077	212966079	32
2	223975391	223975395	34
3	3556378	3556383	38
3	34880406	34880407	32
3	44156175	44156175	32
3	45078030	45078031	37
3	47878589	47878591	30
3	53007157	53007157	39
3	60266720	60266720	34
3	62717130	62717130	30
3	73399613	73399623	32
3	79536333	79536333	30
3	83938908	83938912	30
3	109528539	109528541	40
3	133684610	133684614	36
3	134911143	134911143	35
4	1896608	1896608	41
4	54330655	54330655	32
4	89036384	89036386	36
4	105087207	105087207	40
4	109580246	109580246	31
4	147337373	147337373	31
4	177705215	177705221	36
4	177705215	177705221	36
4	178468441	178468445	31
4	188394170	188394174	32
5	455138	455138	38
5	1430911	1430912	34
5	1553646	1553647	32
5	20426443	20426443	44
5	30450106	30450106	30
5	34428855	34428855	35
5	103742817	103742817	33
5	145948852	145948853	49
5	170479986	170479986	33
6	18679126	18679128	37
6	22196675	22196675	42
6	25091931	25091931	37
6	25091931	25091931	37
6	30014290	30014294	32
6	67432818	67432822	31
6	80788524	80788524	39
6	103070351	103070351	45
6	147714727	147714729	38
7	1714663	1714663	32
7	3051698	3051698	33
7	4361733	4361733	38
7	15467609	15467609	30
7	87350248	87350248	38
7	158101956	158101956	34
8	8611805	8611805	34
8	40307154	40307155	33
8	62430912	62430942	36
8	87174850	87174850	34
8	94820692	94820692	40
8	118939645	118939645	32
9	6995242	6995242	37
9	14698720	14698720	42
9	21801811	21801813	30
9	82338273	82338273	31
9	119823656	119823656	33
10	6325503	6325503	30
10	22602181	22602181	32
10	62139124	62139124	43
10	99295725	99295725	48
10	105692722	105692722	47
10	133367216	133367216	32
10	133367225	133367225	31
11	20476731	20476731	34
11	35390008	35390008	49
11	42775150	42775150	37
11	44954596	44954597	32
11	57735915	57735918	32
11	69409783	69409783	30
11	72378291	72378291	48
11	74380553	74380553	32
11	78522616	78522622	30
11	80239000	80239000	32
11	103456830	103456830	40
11	103529090	103529092	32
11	103529090	103529092	32
12	13341285	13341285	32
12	17470161	17470165	31
12	22002730	22002730	46
12	22002730	22002730	46
12	29598354	29598354	39
12	129880283	129880283	40
12	129880283	129880283	40
13	53608084	53608084	33
13	77749045	77749045	36
13	109750388	109750388	31
13	113102316	113102316	37
14	39770125	39770125	30
14	89077583	89077583	30
15	36859398	36859398	46
16	1025977	1025977	30
16	56952450	56952450	40
16	59323741	59323741	33
16	77319271	77319271	34
16	86785370	86785371	30
16	88149258	88149258	35
17	9463067	9463068	31
17	12653014	12653014	38
17	30476522	30476522	33
17	44158885	44158885	41
18	9830439	9830439	43
18	37868619	37868619	37
18	47901293	47901293	36
18	72097243	72097243	31
18	77143038	77143038	33
19	10929084	10929084	34
19	14371854	14371854	41
19	40538072	40538072	45
19	40674486	40674488	30
20	239411	239411	34
20	32604887	32604887	32
21	44269251	44269251	37
21	47667395	47667395	30
22	41948580	41948580	41
22	44535904	44535904	32
22	46569900	46569903	30
22	50264809	50264809	32
X	23949950	23949950	38
X	73675627	73675627	32
Y	9515892	9515892	38
1	6432548	0/1
1	6625346	0/1
1	18974383	0/1
1	19967527	0/1
1	59488971	0/1
1	63128780	1/1
1	95826369	1/1
1	101422023	0/1
1	109165884	1/1
1	154099241	0/1
1	161064295	0/1
1	165875735	0/1
1	169768381	0/1
1	192148809	1/1
1	201041168	0/1
1	203458100	0/1
1	207317154	0/1
1	207639261	0/1
1	207642668	0/1
1	217895338	1/1
1	223549569	0/1
1	232450071	0/1
1	245491444	0/1
2	10143782	1/1
2	11770530	1/1
2	34444186	1/1
2	104878261	0/1
2	127186768	0/1
2	134088054	1/1
2	136939323	0/1
2	156805655	1/1
2	222190816	0/1
2	230534463	0/1
2	242290803	0/1
3	4198763	0/1
3	10754660	1/1
3	15329508	0/1
3	38498070	0/1
3	41460511	0/1
3	44886787	0/1
3	63335296	1/1
3	82789006	1/1
3	97039013	1/1
3	119524893	0/1
3	145281545	0/1
3	147930611	1/1
3	152818357	1/1
3	156731102	0/1
3	184036029	0/1
4	4513397	0/1
4	6474662	0/1
4	22420939	0/1
4	23924942	0/1
4	28293840	1/1
4	45409627	0/1
4	69043278	1/1
4	152172459	1/1
4	153132730	1/1
4	176189639	1/1
5	12078760	0/1
5	23150423	1/1
5	31454090	1/1
5	32317128	0/1
5	35012556	0/1
5	41439998	0/1
5	49568966	0/1
5	82649086	0/1
5	109684485	0/1
5	112133088	0/1
5	119947887	1/1
5	149622630	0/1
5	164847938	0/1
5	166715330	1/1
6	12652444	0/1
6	24745289	0/1
6	39209331	1/1
6	43608062	0/1
6	56799496	0/1
6	65281105	0/1
6	73011036	1/1
6	80500685	1/1
6	89423274	0/1
6	92948339	1/1
6	105237949	0/1
6	137848072	0/1
6	149670241	0/1
6	165149843	0/1
6	165261848	0/1
7	9583562	0/1
7	23724076	1/1
7	24272340	0/1
7	36685741	0/1
7	53908049	0/1
7	55328688	0/1
7	56137928	0/1
7	76903155	1/1
7	92304881	1/1
7	134563635	0/1
7	148480766	0/1
8	910238	0/1
8	9533309	1/1
8	10585404	0/1
8	15164874	1/1
8	42178615	1/1
8	55488712	0/1
8	62106233	1/1
8	70914301	0/1
8	111859756	1/1
8	128059402	1/1
8	139855950	0/1
8	143566996	0/1
9	5579049	0/1
9	5752451	1/1
9	21621627	0/1
9	33442713	0/1
9	44079053	0/1
9	126585856	1/1
10	11144780	0/1
10	14607750	0/1
10	14749836	0/1
10	28332756	0/1
10	28380328	1/1
10	48585817	0/1
10	76776989	0/1
10	80987943	1/1
10	88837364	0/1
10	94540020	0/1
10	99614340	1/1
10	107682668	0/1
10	111999433	1/1
10	113307523	1/1
10	121124906	0/1
10	122969950	0/1
11	21293843	0/1
11	24970277	0/1
11	35392670	0/1
11	37072763	1/1
11	58584011	0/1
11	61849458	1/1
11	63747206	1/1
11	64790572	1/1
11	72319465	0/1
11	83585288	0/1
11	103956876	0/1
11	113730418	0/1
11	118293009	1/1
11	118326602	0/1
12	6087342	1/1
12	8143668	0/1
12	11700262	0/1
12	16448001	1/1
12	16501401	1/1
12	20364029	1/1
12	22410219	0/1
12	28084998	0/1
12	29249418	0/1
12	32681273	1/1
12	38891381	0/1
12	50419115	0/1
12	65558136	0/1
12	99126177	0/1
12	99659776	1/1
12	103817835	0/1
12	115647074	0/1
12	119051385	0/1
12	132193738	0/1
13	26544910	0/1
13	37631416	1/1
13	64535443	1/1
13	73266638	0/1
13	82745542	1/1
13	89057347	0/1
13	89800446	0/1
13	98685607	0/1
13	104029066	0/1
14	19862877	1/1
14	51900435	0/1
14	57485245	0/1
14	69861182	0/1
14	97721461	1/1
15	37249131	0/1
15	40064362	0/1
15	50110680	0/1
15	52084511	1/1
15	57539914	1/1
15	70648567	0/1
15	76879274	0/1
15	86500014	1/1
16	6779752	1/1
16	9270494	0/1
16	9549865	0/1
16	13531858	0/1
16	23200595	1/1
16	25194639	1/1
16	30962118	0/1
16	48421287	1/1
16	57294497	0/1
16	74607285	1/1
16	77991648	0/1
16	83791330	1/1
16	85399228	0/1
17	102061	0/1
17	997503	1/1
17	3527246	1/1
17	7288544	0/1
17	8854570	0/1
17	11496365	0/1
17	15162466	0/1
17	18652479	0/1
17	28014883	0/1
17	34976423	1/1
17	38738896	0/1
17	38802726	1/1
17	41315627	0/1
17	43902579	0/1
17	52678668	0/1
17	63355237	1/1
17	66578560	0/1
17	70690619	0/1
17	74094984	1/1
17	76079962	0/1
17	79394046	0/1
18	1605496	0/1
18	2069002	0/1
18	4262288	1/1
18	5367486	0/1
18	12040511	0/1
18	14034484	0/1
18	15398753	0/1
18	23810389	0/1
18	38673304	0/1
18	41283093	0/1
18	49623257	1/1
18	55086776	0/1
18	63932319	0/1
18	68108206	0/1
18	76429576	0/1
19	848403	1/1
19	2386236	1/1
19	3743077	0/1
19	4997692	0/1
19	5788828	0/1
19	7653036	0/1
19	8386590	0/1
19	12331807	1/1
19	14378152	0/1
19	16774075	1/1
19	28846139	0/1
19	33144644	0/1
19	36405799	1/1
19	42843737	0/1
19	49996303	1/1
20	18450343	0/1
20	19532065	0/1
20	22044797	0/1
20	24142884	0/1
20	25123637	0/1
20	33509754	0/1
20	36684960	0/1
21	19949307	0/1
21	31495826	1/1
21	31647227	0/1
21	34274185	1/1
21	40523170	0/1
21	44247692	0/1
22	19701092	1/1
22	19988121	1/1
22	32529720	0/1
22	40066115	0/1
X	4828020	0/1
X	10398644	0/1
X	13325766	0/1
X	15708858	0/1
X	28312518	0/1
X	39693445	1/1
X	70641059	0/1
X	104242050	1/1
X	110422117	0/1
X	124767869	0/1
X	126519259	0/1
X	138222754	0/1
Y	5109425	1/1
Y	5205736	0/1
Y	5572104	0/1
Y	7983517	0/1
Y	8166777	0/1
Y	13275009	0/1
Y	14700043	1/1
Y	15572045	1/1
Y	16418449	0/1
Y	16849576	0/1
Y	23464467	0/1
Y	23535583	0/1
