1	6432548	6432548	300
1	6432549	6432549	360
1	6625347	6625347	276
1	6625348	6625348	48
1	12680274	12680274	38
1	12680275	12680275	356
1	14154803	14154803	273
1	16052342	16052342	82
1	19592567	19592567	49
1	46946542	46946542	364
1	51937972	51937972	189
1	54726423	54726423	450
1	55677782	55677782	236
1	59006783	59006783	457
1	59006785	59006785	366
1	59488972	59488972	168
1	61056112	61056112	384
1	63128780	63128780	448
1	63128781	63128781	346
1	73142522	73142522	417
1	74133667	74133667	432
1	78448244	78448244	291
1	81033196	81033196	61
1	82185703	82185703	99
1	95826370	95826370	339
1	95826371	95826371	130
1	101267383	101267383	782
1	101422023	101422023	318
1	101422024	101422024	336
1	102494818	102494818	407
1	109326622	109326622	354
1	112570913	112570913	350
1	113627252	113627252	343
1	154099242	154099242	231
1	160415950	160415950	235
1	163152717	163152717	60
1	165875736	165875736	455
1	167588649	167588649	57
1	169768382	169768382	350
1	170261473	170261473	451
1	173303026	173303026	39
1	192148810	192148810	40
1	194330045	194330045	360
1	195797262	195797262	366
1	196572879	196572879	335
1	201041168	201041168	253
1	201041169	201041169	356
1	203070849	203070849	356
1	207317155	207317155	322
1	207317156	207317156	48
1	207494485	207494485	366
1	207639262	207639262	366
1	212288368	212288368	419
1	213376947	213376947	255
1	215438152	215438152	396
1	217895338	217895338	72
1	217895339	217895339	248
1	218957214	218957214	39
1	221044821	221044821	337
1	221248844	221248844	69
1	223549570	223549570	339
1	225289142	225289142	579
1	232156859	232156859	190
1	237043055	237043055	175
1	239950686	239950686	371
1	240893054	240893054	325
1	240893378	240893378	462
1	241844087	241844087	74
1	241844088	241844088	401
1	242809981	242809981	349
1	242810002	242810002	78
1	244238135	244238135	274
1	244238138	244238138	358
1	245189019	245189019	128
1	245491444	245491444	52
1	245491445	245491445	354
1	245529519	245529519	127
1	246085420	246085420	149
1	248163431	248163431	78
2	846847	846847	442
2	2637218	2637218	177
2	3517043	3517043	114
2	3971365	3971365	77
2	4154648	4154648	66
2	4931330	4931330	65
2	10143783	10143783	51
2	10143785	10143785	77
2	11770531	11770531	447
2	14495363	14495363	457
2	18391469	18391469	57
2	21218578	21218578	126
2	23241691	23241691	287
2	29454901	29454901	272
2	29846348	29846348	367
2	30674171	30674171	463
2	30862250	30862250	354
2	31966444	31966444	54
2	32363484	32363484	430
2	32363485	32363485	206
2	34444187	34444187	224
2	39175386	39175386	422
2	41821401	41821401	69
2	46048041	46048041	67
2	49335011	49335011	34
2	49335012	49335012	238
2	57250467	57250467	89
2	64567643	64567643	287
2	65082638	65082638	353
2	66568285	66568285	344
2	67571094	67571094	76
2	68652914	68652914	35
2	74119464	74119464	77
2	77245895	77245895	54
2	81158740	81158740	347
2	84726158	84726158	352
2	98576620	98576620	348
2	103234545	103234545	250
2	104878262	104878262	364
2	113413804	113413804	342
2	117565867	117565867	32
2	127186769	127186769	353
2	134088054	134088054	46
2	134088055	134088055	124
2	136939324	136939324	320
2	136939326	136939326	241
2	143755116	143755116	50
2	147991719	147991719	69
2	148335354	148335354	456
2	148335355	148335355	346
2	148494034	148494034	455
2	152264374	152264374	363
2	153534325	153534325	43
2	154041789	154041789	49
2	156150297	156150297	36
2	156805656	156805656	202
2	166695404	166695404	358
2	167086297	167086297	274
2	169881011	169881011	39
2	170648221	170648221	271
2	171954826	171954826	157
2	173041008	173041008	51
2	173041009	173041009	359
2	195357938	195357938	34
2	202797824	202797824	83
2	210564345	210564345	361
2	211944628	211944628	394
2	212778064	212778064	262
2	213749055	213749055	434
2	219670328	219670328	393
2	221091393	221091393	262
2	228477036	228477036	74
2	229319094	229319094	365
2	230534464	230534464	354
2	237567156	237567156	87
2	242290804	242290804	323
3	3556384	3556384	337
3	4198764	4198764	38
3	5204157	5204157	155
3	6009169	6009169	325
3	8614866	8614866	208
3	10754661	10754661	366
3	10754662	10754662	423
3	15329510	15329510	439
3	34880408	34880408	333
3	41460512	41460512	437
3	44886787	44886787	68
3	44886788	44886788	353
3	45078025	45078025	364
3	45078030	45078030	43
3	46021265	46021265	264
3	47316609	47316609	451
3	49792927	49792927	442
3	51360382	51360382	348
3	52058469	52058469	247
3	52549565	52549565	66
3	53007157	53007157	90
3	53007158	53007158	371
3	53889256	53889256	41
3	54476334	54476334	355
3	57016035	57016035	304
3	69891903	69891903	382
3	72968869	72968869	299
3	73399624	73399624	365
3	74966514	74966514	69
3	74966515	74966515	370
3	80590910	80590910	441
3	85145910	85145910	168
3	87353941	87353941	158
3	95009603	95009603	43
3	97039013	97039013	50
3	97039014	97039014	224
3	101163977	101163977	360
3	101576029	101576029	51
3	108545075	108545075	386
3	109528542	109528542	361
3	112542769	112542769	83
3	115616804	115616804	322
3	117627143	117627143	459
3	121470320	121470320	342
3	133684615	133684615	407
3	133933601	133933601	152
3	134911144	134911144	33
3	145094605	145094605	82
3	145281545	145281545	98
3	145281546	145281546	328
3	147930611	147930611	55
3	147930612	147930612	260
3	151658001	151658001	445
3	155310281	155310281	418
3	158013747	158013747	82
3	158013748	158013748	355
3	158372741	158372741	126
3	158372742	158372742	182
3	159431390	159431390	439
3	159431391	159431391	342
3	161409015	161409015	237
3	163891227	163891227	367
3	165067508	165067508	55
3	167951367	167951367	336
3	171361535	171361535	73
3	184036029	184036029	64
3	184180387	184180387	371
3	188900758	188900758	81
3	197669346	197669346	460
4	707339	707339	355
4	1896609	1896609	391
4	4513398	4513398	344
4	5842706	5842706	385
4	6474662	6474662	51
4	7541431	7541431	73
4	9596302	9596302	56
4	9600812	9600812	61
4	13348985	13348985	366
4	17227354	17227354	457
4	18000814	18000814	84
4	19883519	19883519	456
4	22420940	22420940	269
4	23924942	23924942	418
4	28259505	28259505	57
4	28293841	28293841	362
4	31725320	31725320	125
4	31736847	31736847	466
4	34775366	34775366	33
4	35835868	35835868	2342
4	43826821	43826821	365
4	56715306	56715306	286
4	59684545	59684545	355
4	64499264	64499264	341
4	82555806	82555806	325
4	89036387	89036387	389
4	89036399	89036399	62
4	95103520	95103520	373
4	98203133	98203133	33
4	100982907	100982907	104
4	105087208	105087208	385
4	105087235	105087235	89
4	106336677	106336677	342
4	114447391	114447391	80
4	114454325	114454325	92
4	117915073	117915073	436
4	125540711	125540711	96
4	133302085	133302085	453
4	133302086	133302086	315
4	135929769	135929769	67
4	143388690	143388690	461
4	152172460	152172460	455
4	152252541	152252541	455
4	153132730	153132730	53
4	158450745	158450745	48
4	158926571	158926571	439
4	158926575	158926575	397
4	159966507	159966507	354
4	170162724	170162724	357
4	176189639	176189639	61
4	176189640	176189640	228
4	176915158	176915158	447
4	177705222	177705222	373
4	177705231	177705231	274
4	180163092	180163092	384
4	184784720	184784720	366
4	190534341	190534341	351
5	3410241	3410241	384
5	7595151	7595151	366
5	8727619	8727619	461
5	10857118	10857118	270
5	12078761	12078761	433
5	15742561	15742561	75
5	15742562	15742562	131
5	18015548	18015548	184
5	22220707	22220707	363
5	22821857	22821857	422
5	23141364	23141364	64
5	23150423	23150423	37
5	23150424	23150424	307
5	26620598	26620598	317
5	30450106	30450106	451
5	30450107	30450107	336
5	31454090	31454090	463
5	31454091	31454091	356
5	32317128	32317128	45
5	32317129	32317129	353
5	38988826	38988826	361
5	41439959	41439959	53
5	41642927	41642927	62
5	41642928	41642928	352
5	45518436	45518436	445
5	45518437	45518437	327
5	45948279	45948279	92
5	49568967	49568967	323
5	72937608	72937608	273
5	83017556	83017556	67
5	91365022	91365022	455
5	96514052	96514052	325
5	100344203	100344203	61
5	103742818	103742818	405
5	109684485	109684485	47
5	112133089	112133089	356
5	113688173	113688173	38
5	117244874	117244874	361
5	117954162	117954162	464
5	120089833	120089833	367
5	126582650	126582650	239
5	128375786	128375786	349
5	135362721	135362721	346
5	141348268	141348268	39
5	141373270	141373270	338
5	145878102	145878102	425
5	145948852	145948852	54
5	148063423	148063423	105
5	149622631	149622631	333
5	149622633	149622633	197
5	151475906	151475906	450
5	164847938	164847938	197
5	164847939	164847939	284
5	166715331	166715331	359
5	166715332	166715332	32
5	167851361	167851361	459
5	170282660	170282660	290
5	172527092	172527092	375
5	175984647	175984647	137
6	2344739	2344739	365
6	2360100	2360100	445
6	3212068	3212068	168
6	3873137	3873137	107
6	5724199	5724199	357
6	10909733	10909733	445
6	10909734	10909734	345
6	12652445	12652445	364
6	13510982	13510982	69
6	14882107	14882107	235
6	18674408	18674408	359
6	18679126	18679126	451
6	18679129	18679129	364
6	21926420	21926420	451
6	22196675	22196675	345
6	22196676	22196676	384
6	22203469	22203469	149
6	24745289	24745289	453
6	24745290	24745290	353
6	25124565	25124565	352
6	29718064	29718064	71
6	32473132	32473132	356
6	34406756	34406756	389
6	35510428	35510428	36
6	35936348	35936348	380
6	39209331	39209331	456
6	41492724	41492724	63
6	42577518	42577518	276
6	43608062	43608062	57
6	51005030	51005030	66
6	55097062	55097062	71
6	55388383	55388383	113
6	56799497	56799497	43
6	65281106	65281106	234
6	66641376	66641376	44
6	67432829	67432829	460
6	72810333	72810333	54
6	73011037	73011037	315
6	78800909	78800909	261
6	78800910	78800910	364
6	80500686	80500686	344
6	80788527	80788527	341
6	91201523	91201523	363
6	92948340	92948340	362
6	99228500	99228500	392
6	103858761	103858761	325
6	105237950	105237950	367
6	106235308	106235308	310
6	115739954	115739954	377
6	129709401	129709401	321
6	134708612	134708612	206
6	136881216	136881216	369
6	137310191	137310191	331
6	140911328	140911328	442
6	140911331	140911331	367
6	144671466	144671466	106
6	146827487	146827487	277
6	154268296	154268296	48
6	155277147	155277147	364
6	157554741	157554741	65
6	161082115	161082115	199
6	161282898	161282898	352
6	161748607	161748607	63
6	161748608	161748608	251
6	164709663	164709663	364
6	165149844	165149844	310
6	165489322	165489322	67
6	165879568	165879568	252
6	168453847	168453847	366
6	168453854	168453854	84
7	954883	954883	81
7	3039400	3039400	94
7	4361734	4361734	38
7	7264667	7264667	458
7	8152730	8152730	444
7	8784524	8784524	128
7	13363926	13363926	38
7	17555458	17555458	355
7	18207616	18207616	356
7	18207619	18207619	68
7	23724078	23724078	60
7	24272341	24272341	67
7	30260240	30260240	355
7	30349475	30349475	258
7	32586907	32586907	454
7	36609869	36609869	438
7	36685741	36685741	429
7	36685742	36685742	323
7	40011230	40011230	402
7	42171844	42171844	459
7	42645064	42645064	366
7	45418266	45418266	15108875
7	48553787	48553787	81
7	48553788	48553788	336
7	52595845	52595845	364
7	53908049	53908049	86
7	53908050	53908050	313
7	55328688	55328688	49
7	55328689	55328689	325
7	55356219	55356219	284
7	56137929	56137929	364
7	64215373	64215373	70
7	64215374	64215374	117
7	67908768	67908768	54
7	67908769	67908769	72754214
7	76903156	76903156	341
7	78991580	78991580	68
7	82187671	82187671	70
7	82391967	82391967	465
7	82737029	82737029	57
7	87750899	87750899	233
7	92304881	92304881	59
7	92304882	92304882	333
7	101660476	101660476	357
7	101660754	101660754	378
7	102694602	102694602	265
7	122467471	122467471	361
7	126099431	126099431	363
7	126263187	126263187	274
7	129058010	129058010	171
7	130750649	130750649	365
7	134563636	134563636	36
7	135336556	135336556	57
7	140643500	140643500	92
7	148480766	148480766	410
7	148480767	148480767	344
7	150212812	150212812	31
7	151088948	151088948	53
7	151245982	151245982	450
7	151245984	151245984	338
7	151918301	151918301	231
7	152355048	152355048	361
8	910239	910239	310
8	3467998	3467998	93
8	3703301	3703301	174
8	9533310	9533310	363
8	10585404	10585404	425
8	10585405	10585405	345
8	11456447	11456447	231
8	15164874	15164874	50
8	15164875	15164875	284
8	15453889	15453889	308
8	15920789	15920789	363
8	16260385	16260385	115
8	20956202	20956202	325
8	23745790	23745790	419
8	28716697	28716697	238
8	30497513	30497513	33
8	32860615	32860615	69
8	33341832	33341832	51
8	33341834	33341834	364
8	33402405	33402405	269
8	35445607	35445607	59
8	36120521	36120521	169
8	36120522	36120522	355
8	40307161	40307161	396
8	40307165	40307165	57
8	55488712	55488712	291
8	55488713	55488713	342
8	62106234	62106234	317
8	62984513	62984513	362
8	64072516	64072516	312
8	70914301	70914301	426
8	80372015	80372015	326
8	91283130	91283130	291
8	94820693	94820693	40
8	95141706	95141706	349
8	95694849	95694849	379
8	96014026	96014026	295
8	103052925	103052925	352
8	103054941	103054941	295
8	111859756	111859756	432
8	111859757	111859757	134
8	127389022	127389022	338
8	128059403	128059403	454
8	139855951	139855951	312
8	140849222	140849222	357
8	143566997	143566997	340
9	3333440	3333440	366
9	4177179	4177179	58
9	4515612	4515612	63
9	5388848	5388848	216
9	6995242	6995242	398
9	6995243	6995243	354
9	11594330	11594330	362
9	12462800	12462800	260
9	12462802	12462802	57
9	13425383	13425383	70
9	14698721	14698721	349
9	14698735	14698735	58
9	14806575	14806575	94
9	16481174	16481174	334
9	17284192	17284192	343
9	21621628	21621628	52
9	21776910	21776910	255
9	21776912	21776912	446
9	33056758	33056758	298
9	33442714	33442714	39
9	35061694	35061694	338
9	37424691	37424691	461
9	38300649	38300649	379
9	71410555	71410555	284
9	73933939	73933939	387
9	76911134	76911134	359
9	77082718	77082718	395
9	78966615	78966615	361
9	83470516	83470516	440
9	86558935	86558935	372
9	88068373	88068373	453
9	90395481	90395481	189
9	96946427	96946427	260
9	97492103	97492103	169
9	111168150	111168150	66608
9	112807352	112807352	75
9	112807354	112807354	366
9	119823657	119823657	333
9	120544523	120544523	364
9	124108329	124108329	341
9	125747883	125747883	46
9	126585857	126585857	345
9	126585858	126585858	210
9	129561723	129561723	83
9	132843755	132843755	40
9	132956623	132956623	34
10	2259715	2259715	264
10	2465573	2465573	80
10	3318901	3318901	339
10	11144780	11144780	188
10	11144781	11144781	367
10	14607750	14607750	75
10	14607751	14607751	237
10	14749837	14749837	405
10	15539505	15539505	279
10	22569973	22569973	251
10	22602182	22602182	342
10	22602183	22602183	438
10	23357252	23357252	287
10	27119554	27119554	341
10	28380329	28380329	268
10	35688245	35688245	84
10	35791618	35791618	231
10	44874789	44874789	189
10	48579421	48579421	296
10	50559831	50559831	352
10	54247406	54247406	440
10	62701879	62701879	125
10	67896470	67896470	463
10	79201626	79201626	289
10	80987387	80987387	251
10	81183342	81183342	363
10	82952726	82952726	38
10	91205632	91205632	42
10	93784492	93784492	356
10	99295726	99295726	380
10	99295764	99295764	67
10	99614340	99614340	409
10	103320974	103320974	387
10	103320981	103320981	71
10	105692723	105692723	404
10	107870283	107870283	387
10	111999434	111999434	31
10	113307523	113307523	453
10	113307524	113307524	237
10	120900768	120900768	203
10	121124913	121124913	460
10	121682099	121682099	234
10	121705008	121705008	140
10	122969951	122969951	324
10	125730719	125730719	357
10	126087508	126087508	5604572
10	131463419	131463419	33
10	133344136	133344136	170
10	133367206	133367206	375
10	133367244	133367244	64
11	3153094	3153094	389
11	3153100	3153100	40
11	4586689	4586689	46
11	5614646	5614646	184
11	7816167	7816167	79
11	12260195	12260195	331
11	12435849	12435849	237
11	20134559	20134559	364
11	20565541	20565541	364
11	22190615	22190615	312
11	24970278	24970278	436
11	25065107	25065107	371
11	32909792	32909792	155
11	33740971	33740971	116
11	34765116	34765116	33
11	35392670	35392670	249
11	35392671	35392671	322
11	35784088	35784088	68
11	37072764	37072764	355
11	37764676	37764676	42
11	42817813	42817813	163
11	43657168	43657168	453
11	48786289	48786289	111
11	50236118	50236118	171
11	61271544	61271544	388
11	61271573	61271573	63
11	61849459	61849459	137
11	62653909	62653909	311
11	63747207	63747207	309
11	63747208	63747208	457
11	64790573	64790573	41
11	65655841	65655841	335
11	72319466	72319466	338
11	74380554	74380554	305
11	78522623	78522623	361
11	79443371	79443371	91
11	80239000	80239000	275
11	83585290	83585290	360
11	85592800	85592800	435
11	93854052	93854052	178
11	101170265	101170265	183
11	103456831	103456831	379
11	103956876	103956876	65
11	103956877	103956877	329
11	107679439	107679439	69
11	107739703	107739703	131
11	118293009	118293009	53
11	118293010	118293010	279
11	127528965	127528965	72
11	129219792	129219792	347
11	132040889	132040889	223
12	1333046	1333046	62
12	1467261	1467261	221
12	1467262	1467262	330
12	1991661	1991661	441
12	1991662	1991662	363
12	4448522	4448522	265
12	6087343	6087343	266
12	6087344	6087344	82
12	7922539	7922539	207
12	8143669	8143669	330
12	8143670	8143670	35
12	11700262	11700262	447
12	11700263	11700263	239
12	12269553	12269553	37
12	12925639	12925639	286
12	13341286	13341286	36
12	13558839	13558839	349
12	15968743	15968743	328
12	16448002	16448002	349
12	16501401	16501401	431
12	16501402	16501402	323
12	16515314	16515314	450
12	18883174	18883174	255
12	20364029	20364029	345
12	22002731	22002731	45
12	22201491	22201491	409
12	22410219	22410219	80
12	22410220	22410220	222
12	24027796	24027796	356
12	24868185	24868185	178
12	25777520	25777520	392
12	27090880	27090880	32
12	27090881	27090881	236
12	28084998	28084998	56
12	28084999	28084999	113
12	29249419	29249419	344
12	30680611	30680611	67
12	38891382	38891382	414
12	41014505	41014505	91
12	41513748	41513748	356
12	42379507	42379507	128
12	42379752	42379752	82
12	44362035	44362035	379
12	44868182	44868182	456
12	48154383	48154383	59
12	49445336	49445336	127
12	50419116	50419116	356
12	50612686	50612686	298
12	51437111	51437111	329
12	62650943	62650943	348
12	65558136	65558136	404
12	65558137	65558137	357
12	70375005	70375005	88
12	71452046	71452046	88
12	72642287	72642287	353
12	83003024	83003024	462
12	83161808	83161808	342
12	92096409	92096409	339
12	98724277	98724277	99
12	99126178	99126178	327
12	99659776	99659776	47
12	103620243	103620243	59
12	103817836	103817836	121
12	104765751	104765751	340
12	108947918	108947918	75
12	109756955	109756955	431
12	111182102	111182102	35
12	111182103	111182103	321
12	112176931	112176931	79
12	115647075	115647075	40
12	119510431	119510431	357
12	120006727	120006727	349
12	121341165	121341165	72
12	124474433	124474433	285
12	125221186	125221186	46
12	125810624	125810624	69
12	127827729	127827729	387
12	127827740	127827740	450
12	128223154	128223154	365
12	128291992	128291992	369
12	130231723	130231723	356
12	130231749	130231749	75
12	130925951	130925951	401
12	131977054	131977054	387
12	132223519	132223519	81
12	133220999	133220999	75
13	26540256	26540256	296
13	26544924	26544924	36
13	28492532	28492532	291
13	32431754	32431754	244
13	33301527	33301527	40
13	36289967	36289967	358
13	37631416	37631416	461
13	37631417	37631417	355
13	40169739	40169739	282
13	45822105	45822105	339
13	57381554	57381554	365
13	57381555	57381555	31
13	60664740	60664740	223
13	62539503	62539503	212
13	64535443	64535443	452
13	64535444	64535444	358
13	73266638	73266638	217
13	73266639	73266639	340
13	73659546	73659546	66
13	76905847	76905847	365
13	77749046	77749046	376
13	81150667	81150667	361
13	81936474	81936474	15926860
13	82745543	82745543	345
13	89057348	89057348	438
13	89800447	89800447	628
13	90500193	90500193	271
13	92194097	92194097	57
13	92194101	92194101	364
13	95588757	95588757	214
13	97585205	97585205	143
13	97585206	97585206	242
13	104029067	104029067	354
13	104406449	104406449	365
13	106746178	106746178	347
13	113102346	113102346	286
14	32413365	32413365	153
14	35956963	35956963	281
14	38582324	38582324	165
14	42173641	42173641	458
14	42173652	42173652	362
14	43519253	43519253	275
14	47326731	47326731	91
14	47381727	47381727	260
14	51492136	51492136	90
14	51900435	51900435	54
14	57485246	57485246	66
14	61474424	61474424	64
14	66758779	66758779	444
14	89077584	89077584	353
14	89077585	89077585	286
14	97721462	97721462	361
14	105936101	105936101	392
15	27787381	27787381	344
15	36859399	36859399	382
15	36859421	36859421	465
15	37249132	37249132	329
15	38352822	38352822	125
15	40064363	40064363	333
15	50110680	50110680	80
15	57019432	57019432	315
15	57539914	57539914	81
15	58035431	58035431	364
15	62554572	62554572	346
15	67497208	67497208	355
15	70621306	70621306	350
15	70648568	70648568	402
15	71075292	71075292	339
15	71780863	71780863	351
15	71799758	71799758	324
15	71946271	71946271	292
15	86500014	86500014	448
15	92654103	92654103	70
15	92654105	92654105	356
15	99104679	99104679	234
15	100257713	100257713	274
16	6779752	6779752	46
16	6779753	6779753	366
16	9270494	9270494	454
16	9549865	9549865	446
16	9549866	9549866	356
16	10275024	10275024	442
16	10456376	10456376	180
16	10698624	10698624	101
16	11974474	11974474	325
16	23200596	23200596	365
16	23200600	23200600	427
16	25194639	25194639	63
16	25194640	25194640	338
16	27623630	27623630	331
16	31004015	31004015	370
16	34813576	34813576	97
16	48421288	48421288	49
16	54448088	54448088	156
16	57294497	57294497	433
16	59868336	59868336	313
16	60610778	60610778	364
16	71986492	71986492	336
16	74607286	74607286	147
16	77319272	77319272	371
16	77991649	77991649	338
16	81534677	81534677	91
16	83791331	83791331	280
16	84499297	84499297	340
16	85399228	85399228	421
16	85399229	85399229	289
17	102062	102062	66
17	997504	997504	335
17	1574618	1574618	217
17	2438919	2438919	134
17	5643238	5643238	449
17	6501011	6501011	243
17	7288545	7288545	328
17	7907329	7907329	153
17	8849448	8849448	289
17	8854570	8854570	196
17	8854571	8854571	337
17	10141353	10141353	364
17	12649849	12649849	341
17	12653035	12653035	68
17	14771801	14771801	70
17	16242766	16242766	84
17	18652480	18652480	324
17	25561989	25561989	636
17	27920913	27920913	316
17	28014883	28014883	416
17	29194362	29194362	101
17	30889378	30889378	54
17	34976423	34976423	432
17	34976424	34976424	357
17	38802726	38802726	53
17	38802727	38802727	356
17	39613614	39613614	358
17	41975858	41975858	384
17	44337801	44337801	446
17	47045473	47045473	69
17	48250326	48250326	47
17	48250327	48250327	359
17	52678668	52678668	193
17	52678669	52678669	302
17	54677579	54677579	161
17	57134513	57134513	241
17	58691341	58691341	362
17	59475807	59475807	89
17	62387777	62387777	360
17	63355237	63355237	43
17	63355238	63355238	329
17	66578561	66578561	353
17	68099427	68099427	362
17	70690620	70690620	428
17	71209004	71209004	221
17	72839131	72839131	372
17	74094985	74094985	326
17	74595593	74595593	361
17	79837964	79837964	463
18	1605497	1605497	450
18	2086140	2086140	51
18	2218234	2218234	40
18	2218235	2218235	131
18	2232568	2232568	118
18	2537878	2537878	204
18	3279786	3279786	343
18	3995518	3995518	40
18	3995519	3995519	193
18	4262289	4262289	329
18	4262291	4262291	232
18	5367486	5367486	45
18	5367487	5367487	364
18	6788002	6788002	143
18	10224135	10224135	276
18	10698010	10698010	448
18	11255385	11255385	360
18	12040512	12040512	362
18	12665827	12665827	271
18	13698781	13698781	61
18	15398754	15398754	342
18	20398651	20398651	84
18	27570073	27570073	249
18	31277130	31277130	135
18	36991270	36991270	456
18	37868613	37868613	396
18	38837054	38837054	459
18	43335851	43335851	58
18	43714394	43714394	364
18	49623257	49623257	58
18	49623258	49623258	344
18	51903161	51903161	302
18	55086777	55086777	325
18	60950783	60950783	293
18	61973000	61973000	285
18	63362040	63362040	45
18	63932320	63932320	70
18	65781445	65781445	71
18	68108206	68108206	173
18	68108207	68108207	315
18	74488662	74488662	349
18	76429577	76429577	189
18	77143038	77143038	56
18	77143039	77143039	404
19	848403	848403	58
19	848404	848404	337
19	1053746	1053746	425
19	1963042	1963042	36
19	2386237	2386237	36
19	4997692	4997692	416
19	4997718	4997718	341
19	5056294	5056294	170
19	5264178	5264178	295
19	6091298	6091298	258
19	6123153	6123153	178
19	7653036	7653036	406
19	9751577	9751577	234
19	10929085	10929085	342
19	12331808	12331808	313
19	14371855	14371855	357
19	14378153	14378153	59
19	14505051	14505051	282
19	15053242	15053242	55
19	15186721	15186721	42
19	15504667	15504667	154
19	16774075	16774075	77
19	18274639	18274639	293
19	21505640	21505640	149
19	21947591	21947591	152
19	23523291	23523291	173
19	27755941	27755941	75
19	28469668	28469668	78
19	29379218	29379218	393
19	31394604	31394604	209
19	32077718	32077718	352
19	33144644	33144644	321
19	33144645	33144645	391
19	33937950	33937950	364
19	36405800	36405800	256
19	36723224	36723224	196
19	36965012	36965012	424
19	42572671	42572671	367
19	42611549	42611549	196
19	49996304	49996304	311
19	50510588	50510588	364
19	53711164	53711164	79
19	55729112	55729112	103
20	239412	239412	34
20	751034	751034	101
20	906691	906691	58
20	2322863	2322863	149
20	3012218	3012218	67
20	4331531	4331531	219
20	8946793	8946793	63
20	9911579	9911579	130
20	11051400	11051400	96
20	16827145	16827145	69
20	18450343	18450343	54
20	18450344	18450344	365
20	19532066	19532066	367
20	19705303	19705303	178
20	20598658	20598658	457
20	22044798	22044798	257
20	24142885	24142885	355
20	24590379	24590379	170
20	25123637	25123637	171
20	25123638	25123638	221
20	25357601	25357601	73
20	30569134	30569134	60
20	33435786	33435786	235
20	33509754	33509754	434
20	33973716	33973716	440
20	33973717	33973717	328
20	42622696	42622696	362
20	44362545	44362545	451
20	47582770	47582770	278
20	48268478	48268478	43
20	48824234	48824234	175
20	48934371	48934371	128
20	52529817	52529817	361
20	55987905	55987905	138
20	58369726	58369726	160
20	61898875	61898875	453
21	10808039	10808039	145
21	16299145	16299145	92
21	16328144	16328144	458
21	17624617	17624617	121
21	25187164	25187164	356
21	25187194	25187194	433
21	27388691	27388691	74
21	27864723	27864723	314
21	27864724	27864724	440
21	29945158	29945158	361
21	31495827	31495827	75
21	31647228	31647228	352
21	34274186	34274186	358
21	38779044	38779044	380
21	40523170	40523170	61
21	40523171	40523171	193
21	40770797	40770797	352
21	44247693	44247693	361
21	45572055	45572055	49
21	45727605	45727605	294
21	46620476	46620476	237
21	47667395	47667395	430
22	19701093	19701093	349
22	19701094	19701094	457
22	19988122	19988122	336
22	24956088	24956088	45
22	25214013	25214013	361
22	26632861	26632861	255
22	27940419	27940419	42
22	34406536	34406536	55
22	35147125	35147125	330
22	38044431	38044431	264
22	39206664	39206664	79
22	40066116	40066116	355
22	40508450	40508450	269
22	41948580	41948580	69
22	42311872	42311872	256
22	42353058	42353058	353
22	43346427	43346427	83
22	48536720	48536720	63
22	49561392	49561392	54
22	50584578	50584578	386
X	678747	678747	159
X	974848	974848	137
X	2296646	2296646	457
X	4828020	4828020	41
X	10398645	10398645	320
X	10398647	10398647	40
X	12804738	12804738	46
X	12804739	12804739	325
X	15708859	15708859	409
X	23437986	23437986	192
X	23949951	23949951	360
X	33247035	33247035	179
X	33418296	33418296	78
X	37868664	37868664	430
X	39693445	39693445	162
X	39693446	39693446	339
X	40569850	40569850	200
X	42815719	42815719	162
X	46199772	46199772	231
X	46200002	46200002	84
X	55947992	55947992	77
X	57145971	57145971	367
X	62133106	62133106	542
X	65060500	65060500	54
X	69399452	69399452	244
X	83484310	83484310	460
X	87261866	87261866	232
X	94845563	94845563	231
X	94845564	94845564	392
X	104242051	104242051	352
X	104519881	104519881	337
X	110422118	110422118	434
X	116196363	116196363	170
X	116196635	116196635	82
X	124767870	124767870	341
X	125738523	125738523	95
X	126519260	126519260	48
X	126638971	126638971	169
X	126875482	126875482	292
X	127394420	127394420	354
X	153588428	153588428	213
Y	2718646	2718646	217
Y	2739427	2739427	381
Y	5109426	5109426	418
Y	5987430	5987430	349
Y	7675541	7675541	113
Y	7983518	7983518	309
Y	8576079	8576079	296
Y	8823119	8823119	169
Y	14700043	14700043	43
Y	14700044	14700044	362
Y	15242131	15242131	61
Y	15444431	15444431	89
Y	15572046	15572046	92
Y	16397900	16397900	247
Y	16418450	16418450	64
Y	16849576	16849576	465
Y	16849577	16849577	333
Y	18398237	18398237	54
Y	18398238	18398238	238
Y	23464468	23464468	38
