1	7982463	7984163	1700	0/1
1	7984003	7984165	162	0/1
1	12013048	12013480	432	0/1
1	12013050	12013480	430	0/1
1	24242134	24242598	464	0/1
1	24242446	24242598	152	1/1
1	25627820	25717387	89567	0/1
1	46423597	46424332	735	0/1
1	46423599	46424332	733	0/1
1	52390812	52391117	305	1/1
1	52390814	52391117	303	1/1
1	53871376	53871717	341	0/1
1	53871632	53871985	353	0/1
1	74265724	74268028	2304	0/1
1	74265725	74268029	2304	0/1
1	76126198	76128250	2052	0/1
1	76126199	76128251	2052	0/1
1	93210846	93211541	695	0/1
1	93210848	93211541	693	0/1
1	94329595	94331674	2079	0/1
1	94329597	94331674	2077	0/1
1	101266601	101267383	782	1/1
1	101266604	101267382	778	1/1
1	154264336	154264740	404	1/1
1	154264337	154264741	404	1/1
1	181921813	181922495	682	1/1
1	181921814	181922496	682	1/1
1	191772172	191772538	366	0/1
1	191772396	191772757	361	0/1
1	193382682	193383034	352	0/1
1	193382944	193383307	363	0/1
1	213004377	213006491	2114	0/1
1	213004378	213006490	2112	0/1
1	218064648	218066778	2130	0/1
1	218064650	218066778	2128	0/1
1	225289141	225289721	580	0/1
1	236303779	236304124	345	0/1
1	236304026	236304423	397	0/1
2	23241402	23241691	289	1/1
2	23241404	23241691	287	1/1
2	42411046	42412499	1453	0/1
2	42411047	42412500	1453	0/1
2	54478068	54478401	333	0/1
2	54478254	54478593	339	0/1
2	54931451	54931685	234	0/1
2	54931462	54931812	350	0/1
2	64289731	64290561	830	1/1
2	64289732	64290562	830	1/1
2	87520247	112326247	24806000	0/1
2	116007600	116008118	518	1/1
2	116007603	116008117	514	1/1
2	122815447	122815994	547	1/1
2	122815449	122815994	545	1/1
2	139453766	139454265	499	0/1
2	139453768	139454265	497	0/1
2	218406293	218406579	286	1/1
2	218406296	218406578	282	1/1
3	5206894	5207900	1006	0/1
3	5206895	5207901	1006	0/1
3	30379076	30379212	136	0/1
3	63694480	63695103	623	0/1
3	63694483	63695102	619	0/1
3	68486899	68487243	344	0/1
3	79434145	79434638	493	0/1
3	79434146	79434639	493	0/1
3	94529309	94550714	21405	0/1
3	94529311	94550714	21403	0/1
3	103599908	103600152	244	0/1
3	105099343	105100158	815	1/1
3	105099344	105100159	815	1/1
3	108510367	108510707	340	0/1
3	108510625	108510976	351	0/1
3	117356153	117357107	954	1/1
3	117356155	117357107	952	1/1
3	132059024	132059373	349	0/1
3	133375509	133376371	862	1/1
3	133375512	133376370	858	1/1
3	143815675	143816051	376	0/1
3	143815794	143816176	382	0/1
3	150617209	150617776	567	1/1
3	150617210	150617777	567	1/1
3	160322915	160324480	1565	0/1
3	160322917	160324480	1563	0/1
3	182720429	182720957	528	1/1
3	182720430	182720958	528	1/1
4	16956546	16956840	294	1/1
4	16956549	16956839	290	1/1
4	17030883	17031836	953	1/1
4	17030885	17031836	951	0/1
4	47781495	47781857	362	0/1
4	47781497	47781857	360	0/1
4	71799387	71800725	1338	0/1
4	71799388	71800726	1338	0/1
4	84261801	84262195	394	1/1
4	84261802	84262196	394	1/1
4	94582878	94583921	1043	0/1
4	94582879	94583922	1043	0/1
4	124167343	124167687	344	0/1
4	124167593	124167957	364	0/1
5	610473	610819	346	1/1
5	610474	610820	346	1/1
5	16445446	16447579	2133	0/1
5	16445447	16447580	2133	0/1
5	33216320	33216635	315	1/1
5	33216322	33216635	313	1/1
5	33932097	33932758	661	0/1
5	33932613	33932759	146	1/1
5	58798300	58799226	926	0/1
5	58798302	58799226	924	0/1
6	4734782	4736365	1583	0/1
6	4734785	4736364	1579	0/1
6	18251695	18252643	948	1/1
6	18251696	18252644	948	1/1
6	21031000	21031549	549	1/1
6	21031004	21031547	543	1/1
6	37808268	37810731	2463	0/1
6	37810590	37810732	142	0/1
6	63507014	63507786	772	0/1
6	63507017	63507785	768	0/1
6	94924759	94993328	68569	0/1
6	94924760	94993329	68569	0/1
6	123776991	123777645	654	1/1
6	123776991	123777645	654	1/1
7	2789363	2789747	384	0/1
7	6642003	6642553	550	1/1
7	6642004	6642554	550	1/1
7	9959378	9959935	557	1/1
7	9959379	9959939	560	1/1
7	24723759	24725761	2002	0/1
7	24723760	24725762	2002	0/1
7	28218726	28219218	492	1/1
7	28218727	28219219	492	1/1
7	80695000	80696818	1818	0/1
7	80695002	80696818	1816	0/1
7	100188502	100189711	1209	0/1
7	100188503	100189712	1209	0/1
7	100902493	100902915	422	1/1
7	100902494	100902916	422	1/1
7	128463463	128465874	2411	0/1
7	128463464	128465875	2411	0/1
7	153108678	153130344	21666	0/1
8	3278506	3278808	302	1/1
8	3278507	3278809	302	1/1
8	15869882	15870798	916	1/1
8	15869883	15870799	916	1/1
8	19938940	19939354	414	1/1
8	19938942	19939354	412	1/1
8	23744271	23745791	1520	0/1
8	23745643	23745801	158	0/1
8	32008112	32010079	1967	0/1
8	32009934	32010080	146	0/1
8	38909480	38910232	752	1/1
8	38909481	38910233	752	1/1
8	62710855	62711202	347	0/1
8	70987670	70988268	598	0/1
8	70987671	70988269	598	0/1
8	76930194	76930548	354	0/1
8	76930333	76930691	358	0/1
8	82643046	82643686	640	1/1
8	82643047	82643687	640	1/1
8	96334321	96334953	632	0/1
8	96334322	96334954	632	0/1
8	98833147	98833712	565	0/1
8	98833148	98833713	565	0/1
8	116839471	116841558	2087	0/1
8	116839472	116841559	2087	0/1
8	137075937	137077892	1955	0/1
8	137075938	137077893	1955	0/1
9	2279261	3813458	1534197	0/1
9	7453415	7453941	526	1/1
9	7453416	7453942	526	1/1
9	10310693	10311325	632	1/1
9	10310695	10311325	630	1/1
9	12287340	12287931	591	0/1
9	12287342	12287931	589	0/1
9	12753068	12753420	352	0/1
9	12753166	12753288	122	1/1
9	20742116	20742793	677	0/1
9	20742120	20742791	671	0/1
9	28088596	28119571	30975	0/1
9	28088599	28119570	30971	0/1
9	32506764	32508677	1913	0/1
9	32508532	32508677	145	0/1
9	44085686	44086042	356	1/1
9	71732583	71733706	1123	0/1
9	71732584	71733707	1123	0/1
9	72650286	72650849	563	0/1
9	72650287	72650850	563	0/1
9	79291306	79293049	1743	0/1
9	79291308	79293049	1741	0/1
9	100771029	100772496	1467	0/1
9	100771030	100772497	1467	0/1
9	111168149	111234757	66608	0/1
9	111168150	111234758	66608	0/1
9	140265176	140265562	386	0/1
9	140265178	140265562	384	0/1
10	8142665	8144965	2300	0/1
10	8144822	8144965	143	0/1
10	13430844	13431728	884	1/1
10	13430845	13431729	884	1/1
10	15421153	15423003	1850	0/1
10	15422847	15423004	157	0/1
10	18248348	18250295	1947	0/1
10	18248349	18250296	1947	0/1
10	20107762	20108254	492	0/1
10	20107763	20108255	492	0/1
10	21466636	21467598	962	0/1
10	21466639	21467597	958	0/1
10	29783867	30978158	1194291	0/1
10	29784502	30978022	1193520	0/1
10	36101570	36102145	575	1/1
10	36101571	36102146	575	1/1
10	55663656	55667455	3799	0/1
10	55663657	55667456	3799	0/1
10	61557868	61559079	1211	0/1
10	61557870	61559079	1209	0/1
10	70109306	70109808	502	0/1
10	70109307	70109809	502	0/1
10	107643472	107643820	348	0/1
10	107643747	107644085	338	0/1
10	108313407	108313757	350	0/1
10	108313688	108314059	371	0/1
10	123337845	123338677	832	1/1
10	123337846	123338678	832	1/1
10	126371729	126372067	338	0/1
10	126371977	126372326	349	0/1
10	131140658	131141393	735	1/1
10	131140660	131141393	733	1/1
11	8432602	8434443	1841	0/1
11	8432603	8434444	1841	0/1
11	10150614	10150989	375	0/1
11	10150880	10151200	320	0/1
11	11124158	11214323	90165	0/1
11	11124159	11214324	90165	0/1
11	14364357	14365218	861	1/1
11	14364359	14365218	859	1/1
11	18953917	18954803	886	0/1
11	18953918	18954804	886	0/1
11	25352486	25353177	691	1/1
11	25352487	25353178	691	1/1
11	32096625	32097259	634	1/1
11	32096626	32097260	634	1/1
11	108260775	108261650	875	1/1
11	108260777	108261650	873	1/1
11	108438606	108440298	1692	0/1
11	108438609	108440297	1688	0/1
11	115783526	115785453	1927	0/1
11	115783528	115785453	1925	0/1
11	119648490	119648948	458	1/1
11	119648492	119648948	456	1/1
11	121225564	121225893	329	0/1
11	127423906	127425985	2079	0/1
11	127423907	127425986	2079	0/1
11	128523391	128524088	697	1/1
11	128523394	128524087	693	1/1
11	128712408	128712755	347	0/1
11	128712681	128713011	330	0/1
12	1948080	1948783	703	1/1
12	1948082	1948783	701	1/1
12	2662748	2663226	478	1/1
12	2662749	2663227	478	1/1
12	9072619	9074431	1812	0/1
12	9072621	9074431	1810	0/1
12	10906401	10906982	581	0/1
12	10906403	10906982	579	0/1
12	11245085	11245489	404	0/1
12	11245088	11245488	400	0/1
12	11900983	11904840	3857	0/1
12	11900985	11904840	3855	0/1
12	12774195	12780448	6253	0/1
12	12774198	12780447	6249	0/1
12	15150457	15152079	1622	0/1
12	15150458	15152080	1622	0/1
12	20262584	20262837	253	0/1
12	20262585	20262838	253	0/1
12	21646407	21646809	402	0/1
12	21646408	21646810	402	0/1
12	22659774	22660640	866	1/1
12	22659775	22660641	866	1/1
12	23913824	23914276	452	1/1
12	23913826	23914276	450	1/1
12	26614158	26614491	333	0/1
12	26614371	26614716	345	0/1
12	26629995	26631570	1575	0/1
12	26631410	26631570	160	0/1
12	34300040	34300446	406	0/1
12	34300044	34300444	400	0/1
12	67851690	67852090	400	0/1
12	67851692	67852090	398	0/1
12	75743416	75743728	312	1/1
12	75743420	75743726	306	1/1
12	76570906	76572726	1820	0/1
12	76570908	76572726	1818	0/1
12	80725249	80725651	402	0/1
12	80725250	80725652	402	0/1
12	83851790	83852392	602	0/1
12	83851793	83852391	598	0/1
12	84549880	84550483	603	1/1
12	84549884	84550481	597	1/1
12	126423211	126423681	470	1/1
12	126423212	126423682	470	1/1
13	52159315	52159865	550	1/1
13	52159316	52159866	550	1/1
13	79270941	79271714	773	1/1
13	79270942	79271717	775	1/1
13	100208103	100208556	453	1/1
13	100208105	100208556	451	1/1
13	112297303	112297870	567	1/1
13	112297305	112297870	565	1/1
14	37521914	37532575	10661	0/1
14	37521915	37532576	10661	0/1
14	46856746	46857091	345	0/1
14	46856939	46857293	354	0/1
14	51753648	51754464	816	0/1
14	51753652	51754462	810	0/1
14	55590391	55591482	1091	0/1
14	55590396	55591479	1083	0/1
14	64334256	64335553	1297	0/1
14	64334257	64335554	1297	0/1
14	65826254	65826870	616	1/1
14	65826255	65826871	616	1/1
14	80168121	80168504	383	0/1
14	80168360	80168704	344	0/1
14	85848484	85850006	1522	0/1
14	85848486	85850006	1520	0/1
14	97205085	97205691	606	1/1
14	97205087	97205691	604	1/1
14	100748874	100749248	374	0/1
14	100749093	100749462	369	0/1
15	56825510	56826085	575	1/1
15	56825511	56826086	575	1/1
15	65114592	65114842	250	0/1
15	65114594	65114842	248	0/1
15	70121085	70121449	364	0/1
15	70121277	70121637	360	0/1
15	70672433	70674602	2169	0/1
15	70672435	70674602	2167	0/1
15	82492515	82494868	2353	0/1
15	102362986	102363481	495	0/1
15	102362986	102363481	495	0/1
16	1593950	1594291	341	0/1
16	1594202	1594564	362	0/1
16	17306824	17307972	1148	0/1
16	17306826	17307972	1146	0/1
16	28083215	28083561	346	0/1
16	49026569	49027203	634	1/1
16	49026570	49027204	634	1/1
16	55798461	55862764	64303	0/1
16	55799109	55862648	63539	0/1
16	59671192	59672869	1677	0/1
16	59671194	59672869	1675	0/1
16	62011653	62012013	360	0/1
16	62011953	62012312	359	0/1
16	66319311	66320106	795	1/1
16	66319312	66320107	795	1/1
16	86378845	86385683	6838	0/1
17	4281307	4281631	324	0/1
17	4850917	4863833	12916	0/1
17	4850918	4863834	12916	0/1
17	5641773	5643239	1466	0/1
17	5643079	5643239	160	0/1
17	10862970	10865457	2487	0/1
17	10862971	10865458	2487	0/1
17	11367150	11369498	2348	0/1
17	11369350	11369501	151	0/1
17	12419962	12422126	2164	0/1
17	12419966	12422124	2158	0/1
17	13296452	13297363	911	1/1
17	13296453	13297364	911	1/1
17	16195685	16196183	498	1/1
17	16195687	16196183	496	1/1
17	19907851	19908071	220	0/1
17	19907852	19908225	373	0/1
17	20747258	20749828	2570	0/1
17	20749459	20749619	160	0/1
17	20972974	20973563	589	1/1
17	20972977	20973562	585	1/1
17	25501599	25502321	722	1/1
17	25501600	25502322	722	1/1
17	55607469	55607747	278	1/1
17	55607470	55607748	278	1/1
17	64493501	64494211	710	0/1
17	64493503	64494211	708	0/1
17	77152720	77153175	455	0/1
17	77152721	77153176	455	0/1
17	79837964	79838769	805	1/1
17	79837965	79838770	805	1/1
18	1602748	1603680	932	0/1
18	1602750	1603680	930	0/1
18	11363398	11365087	1689	0/1
18	11363400	11365087	1687	0/1
18	12611824	12612158	334	0/1
18	12612061	12612418	357	0/1
18	13224751	13226142	1391	0/1
18	13224752	13226143	1391	0/1
18	41627231	41628180	949	0/1
18	41627232	41628181	949	0/1
18	65066088	65066935	847	1/1
18	65066090	65066935	845	1/1
18	76741756	76742198	442	1/1
18	76741757	76742199	442	1/1
19	5384918	5385250	332	0/1
19	5385162	5385512	350	0/1
19	12888448	12890672	2224	0/1
19	12888450	12890672	2222	0/1
19	17556372	17556996	624	1/1
19	17556375	17556995	620	1/1
19	23477806	23478509	703	1/1
19	23477807	23478510	703	1/1
19	23955649	23956134	485	0/1
19	23955650	23956135	485	0/1
19	32081191	32082167	976	0/1
19	32081193	32082167	974	0/1
19	33411075	33411640	565	0/1
19	33411076	33411641	565	0/1
19	46861663	46862382	719	0/1
19	46861666	46862381	715	0/1
19	50813373	50815092	1719	0/1
19	50813374	50815093	1719	0/1
19	51984914	51986542	1628	0/1
19	51984921	51986537	1616	0/1
20	520461	522800	2339	0/1
20	520463	522800	2337	0/1
20	802190	803177	987	1/1
20	802194	803175	981	1/1
20	8668625	8669947	1322	0/1
20	8668626	8669948	1322	0/1
20	15087392	15089792	2400	0/1
20	15089643	15089793	150	0/1
20	19917417	19918064	647	0/1
20	19917418	19918065	647	0/1
20	20346300	20438468	92168	0/1
20	20346302	20438468	92166	0/1
20	36092154	36092423	269	1/1
20	36092155	36092424	269	1/1
20	50379249	50381724	2475	0/1
20	50379250	50381725	2475	0/1
20	61898105	61898875	770	0/1
20	61898221	61898875	654	0/1
21	30511549	30511896	347	0/1
21	30511748	30512074	326	0/1
21	47068296	47068612	316	0/1
21	47068519	47068856	337	0/1
22	17686175	17686516	341	0/1
22	17686418	17686746	328	0/1
22	23933497	23934947	1450	0/1
22	23933499	23934947	1448	0/1
22	37731176	37732012	836	1/1
22	37731177	37732013	836	1/1
22	44059307	44060207	900	0/1
22	44059308	44060208	900	0/1
22	44974488	44975425	937	1/1
22	44974489	44975426	937	1/1
22	47110090	47110324	234	0/1
22	47110092	47110324	232	0/1
X	418958	419762	804	0/1
X	418960	419762	802	0/1
X	3701444	3702070	626	0/1
X	3701458	3702082	624	0/1
X	21498587	21499506	919	1/1
X	21498589	21499506	917	1/1
X	29113174	29113939	765	0/1
X	29113178	29113937	759	0/1
X	31756637	31756971	334	0/1
X	62132561	62133106	545	1/1
X	62132564	62133105	541	1/1
X	75817497	75818351	854	1/1
X	75817732	75818350	618	1/1
X	85976618	85977192	574	1/1
X	85976620	85977192	572	1/1
X	129546805	129547162	357	0/1
X	129547042	129547377	335	0/1
Y	10054356	10055581	1225	0/1
Y	10054357	10055582	1225	0/1
