1	12013046	12013480	434	0/1
1	24242400	24242596	196	0/1
1	46423597	46424331	734	0/1
1	52390809	52391117	308	1/1
1	53871629	53871716	87	0/1
1	74265724	74268028	2304	0/1
1	76126198	76128250	2052	0/1
1	93210846	93211540	694	0/1
1	94329596	94331674	2078	0/1
1	101266603	101267382	779	1/1
1	154264336	154264740	404	1/1
1	181921813	181922495	682	1/1
1	191772393	191772537	144	0/1
1	193382941	193383035	94	0/1
1	213004372	213006489	2117	0/1
1	218064648	218066777	2129	0/1
1	225289141	225289681	540	0/1
1	236304023	236304123	100	0/1
2	23241400	23241691	291	1/1
2	42411046	42412499	1453	0/1
2	54478258	54478400	142	1/1
2	54931459	54931672	213	0/1
2	64289731	64290561	830	1/1
2	116007600	116008116	516	1/1
2	122815448	122815993	545	1/1
2	139453766	139454264	498	0/1
2	218406291	218406579	288	1/1
3	5206894	5207900	1006	0/1
3	63694480	63695102	622	0/1
3	68487193	68487242	49	0/1
3	79434145	79434638	493	0/1
3	94529309	94550713	21404	0/1
3	103599906	103600152	246	0/1
3	105099343	105100158	815	1/1
3	108510622	108510706	84	0/1
3	117356153	117357106	953	1/1
3	132059311	132059372	61	0/1
3	133375510	133376369	859	1/1
3	143815791	143816048	257	1/1
3	150617209	150617776	567	1/1
3	160322915	160324480	1565	0/1
3	182720428	182720957	529	1/1
4	16956544	16956840	296	1/1
4	17030884	17031830	946	1/1
4	47781493	47781857	364	0/1
4	71799387	71800725	1338	0/1
4	84261799	84262195	396	1/1
4	94582878	94583921	1043	0/1
4	124167589	124167686	97	0/1
5	610471	610819	348	1/1
5	16445446	16447579	2133	0/1
5	33216318	33216635	317	1/1
5	58798300	58799225	925	0/1
6	4734782	4736363	1581	0/1
6	18251694	18252643	949	1/1
6	21031000	21031548	548	1/1
6	63408687	63408738	51	0/1
6	63507010	63507785	775	0/1
6	94924759	94993328	68569	0/1
6	123776989	123777644	655	1/1
7	2789360	2789441	81	0/1
7	6642003	6642553	550	1/1
7	9959378	9959937	559	1/1
7	24723759	24725761	2002	0/1
7	28218726	28219218	492	1/1
7	80695000	80696817	1817	0/1
7	100188502	100189711	1209	0/1
7	100902493	100902915	422	1/1
7	128463463	128465874	2411	0/1
7	153108678	153130344	21666	0/1
8	3278504	3278808	304	1/1
8	15869882	15870798	916	1/1
8	19938936	19939354	418	1/1
8	38909480	38910232	752	1/1
8	52981802	52981861	59	0/1
8	62430910	62430954	44	0/1
8	62710852	62710913	61	0/1
8	70987670	70988268	598	0/1
8	76930330	76930545	215	1/1
8	82643046	82643685	639	1/1
8	96334320	96334953	633	0/1
8	98833147	98833712	565	0/1
8	116839471	116841558	2087	0/1
8	137075937	137077892	1955	0/1
9	7453415	7453941	526	1/1
9	12287340	12287931	591	0/1
9	10310694	10311324	630	1/1
9	12753067	12753285	218	0/1
9	20742117	20742792	675	0/1
9	28088596	28119570	30974	0/1
9	44085446	44085884	438	1/1
9	71732583	71733706	1123	0/1
9	72650286	72650849	563	0/1
9	79291307	79293048	1741	0/1
9	100771029	100772496	1467	0/1
9	111168149	111234757	66608	0/1
9	140265174	140265562	388	0/1
10	13430844	13431728	884	1/1
10	18248348	18250295	1947	0/1
10	20107762	20108254	492	0/1
10	21466636	21467596	960	0/1
10	36101570	36102145	575	1/1
10	55663656	55667455	3799	0/1
10	61557868	61559078	1210	0/1
10	123337845	123338677	832	1/1
10	70109306	70109808	502	0/1
10	107643743	107643818	75	0/1
10	108313685	108313756	71	0/1
10	126371974	126372066	92	0/1
10	131140659	131141393	734	1/1
11	8432602	8434443	1841	0/1
11	10150877	10150988	111	0/1
11	11124158	11214323	90165	0/1
11	14364358	14365218	860	1/1
11	18953917	18954807	890	0/1
11	25352486	25353177	691	1/1
11	32096625	32097259	634	1/1
11	108260776	108261650	874	1/1
11	108438606	108440296	1690	0/1
11	115783526	115785452	1926	0/1
11	119648488	119648947	459	1/1
11	121225828	121225892	64	0/1
11	127423906	127425985	2079	0/1
11	128523391	128524086	695	1/1
11	128712678	128712754	76	0/1
12	1948080	1948783	703	1/1
12	2662744	2663226	482	1/1
12	9072619	9074431	1812	0/1
12	10906401	10906981	580	0/1
12	11245081	11245498	417	0/1
12	11900984	11904840	3856	0/1
12	12774197	12780448	6251	0/1
12	15150457	15152079	1622	0/1
12	20262582	20262837	255	0/1
12	21646405	21646809	404	0/1
12	22659774	22660640	866	1/1
12	23913824	23914275	451	1/1
12	26614369	26614490	121	1/1
12	34300038	34300445	407	0/1
12	67851688	67852094	406	0/1
12	68181399	68181443	44	0/1
12	75743415	75743728	313	1/1
12	76570906	76572725	1819	0/1
12	80725247	80725651	404	0/1
12	83851792	83852391	599	0/1
12	84549882	84550482	600	1/1
12	126423210	126423681	471	1/1
13	52159315	52159865	550	1/1
13	79270941	79271716	775	1/1
13	100208102	100208556	454	1/1
13	112297303	112297869	566	1/1
14	35962255	35962313	58	0/1
14	37521914	37532574	10660	0/1
14	46856936	46857090	154	0/1
14	51753650	51754463	813	0/1
14	55590391	55591478	1087	0/1
14	64334256	64335553	1297	0/1
14	65826254	65826870	616	1/1
14	80168357	80168503	146	0/1
14	85848484	85850006	1522	0/1
14	97205085	97205690	605	1/1
14	100749090	100749247	157	0/1
15	56825510	56826085	575	1/1
15	65114590	65114842	252	0/1
15	70121274	70121448	174	0/1
15	70672433	70674601	2168	0/1
15	82492515	82494868	2353	0/1
15	102362985	102363480	495	0/1
16	1593948	1594301	353	0/1
16	17306824	17307971	1147	0/1
16	28083486	28083559	73	0/1
16	49026569	49027202	633	1/1
16	59671192	59672868	1676	0/1
16	62011950	62012012	62	0/1
16	66319311	66320106	795	1/1
17	4281575	4281629	54	0/1
17	4850917	4863833	12916	0/1
17	8130650	8130699	49	0/1
17	10862970	10865457	2487	0/1
17	12419965	12422126	2161	0/1
17	13296452	13297363	911	1/1
17	16195685	16196182	497	1/1
17	19907849	19908072	223	0/1
17	20972975	20973562	587	1/1
17	25501599	25502321	722	1/1
17	55607467	55607747	280	1/1
17	64493501	64494210	709	0/1
17	77152718	77153175	457	0/1
17	79837964	79838769	805	1/1
18	1602748	1603680	932	0/1
18	11363398	11365086	1688	0/1
18	12612058	12612157	99	0/1
18	13224751	13226142	1391	0/1
18	41627231	41628180	949	0/1
18	51360717	51360781	64	0/1
18	65066088	65066934	846	1/1
18	76741755	76742198	443	1/1
19	5385159	5385249	90	0/1
19	12888448	12890671	2223	0/1
19	17556372	17556994	622	1/1
19	23477806	23478509	703	1/1
19	23955648	23956137	489	0/1
19	51984914	51986541	1627	0/1
19	32081192	32082166	974	0/1
19	33411075	33411640	565	0/1
19	46861663	46862380	717	0/1
19	50813373	50815092	1719	0/1
20	520461	522799	2338	0/1
20	802192	803174	982	1/1
20	8668615	8669946	1331	0/1
20	19917417	19918064	647	0/1
20	20346300	20438467	92167	0/1
20	61898168	61898874	706	1/1
20	36092152	36092424	272	1/1
20	50379249	50381724	2475	0/1
21	30511743	30511893	150	1/1
21	47068515	47068611	96	0/1
22	17686415	17686515	100	0/1
22	23933498	23934947	1449	0/1
22	37731176	37732012	836	1/1
22	44059307	44060207	900	0/1
22	44974488	44975425	937	1/1
22	47109950	47110345	395	0/1
X	418958	419761	803	0/1
X	3701447	3702075	628	0/1
X	21498587	21499505	918	1/1
X	29113174	29113936	762	0/1
X	31756871	31756970	99	0/1
X	62132563	62133106	543	1/1
X	75817590	75818384	794	0/1
X	85976618	85977191	573	1/1
X	129547035	129547164	129	0/1
Y	10054356	10055581	1225	0/1
