1	7982462	7984162	1700	0/1
1	12013048	12013480	432	0/1
1	24242133	24242597	464	0/1
1	46423597	46424332	735	0/1
1	52390812	52391117	305	1/1
1	53871631	53871716	85	0/1
1	74265724	74268028	2304	0/1
1	76126198	76128250	2052	0/1
1	93210846	93211541	695	0/1
1	94329595	94331674	2079	0/1
1	101266601	101267382	781	1/1
1	101266601	101267383	782	1/1
1	154264336	154264740	404	1/1
1	181921813	181922495	682	1/1
1	191772395	191772537	142	0/1
1	193382943	193383033	90	0/1
1	213004374	213006490	2116	0/1
1	213004376	213006490	2114	0/1
1	218064648	218066778	2130	0/1
1	225289141	225289721	580	0/1
1	236304025	236304123	98	0/1
2	23241402	23241691	289	1/1
2	42411046	42412499	1453	0/1
2	54478258	54478400	142	0/1
2	54931461	54931672	211	0/1
2	64289731	64290561	830	1/1
2	87511967	87512426	459	1/1
2	116007600	116008118	518	1/1
2	122815447	122815994	547	1/1
2	139453766	139454265	499	0/1
2	218406293	218406579	286	0/1
2	218406293	218406579	286	1/1
3	5206894	5207900	1006	0/1
3	63694480	63695103	623	0/1
3	79434145	79434638	493	0/1
3	79434242	79434539	297	0/1
3	94529309	94550714	21405	0/1
3	103599908	103600152	244	0/1
3	105099343	105100158	815	1/1
3	108510624	108510706	82	0/1
3	117356153	117357107	954	1/1
3	133375509	133376371	862	1/1
3	143815793	143816048	255	0/1
3	150617209	150617776	567	1/1
3	160322915	160324480	1565	0/1
3	182720429	182720957	528	1/1
4	16956546	16956840	294	0/1
4	16956546	16956840	294	1/1
4	17030883	17031836	953	1/1
4	17030884	17031822	938	1/1
4	47781495	47781857	362	0/1
4	71799387	71800725	1338	0/1
4	84261801	84262195	394	1/1
4	94582878	94583921	1043	0/1
4	124167592	124167686	94	0/1
5	610473	610819	346	1/1
5	16445446	16447579	2133	0/1
5	33216320	33216635	315	1/1
5	33932096	33932757	661	0/1
5	58798300	58799226	926	0/1
6	4734782	4736365	1583	0/1
6	18251695	18252643	948	1/1
6	21031000	21031549	549	1/1
6	37808267	37810730	2463	0/1
6	63507014	63507786	772	0/1
6	94924759	94993328	68569	0/1
6	123776990	123777644	654	1/1
7	2789362	2789441	79	0/1
7	6642003	6642553	550	1/1
7	9959378	9959935	557	1/1
7	24723759	24725761	2002	0/1
7	28218726	28219218	492	1/1
7	80695000	80696818	1818	0/1
7	100188502	100189711	1209	0/1
7	100902493	100902915	422	1/1
7	128463463	128465874	2411	0/1
7	153108678	153130344	21666	0/1
8	3278506	3278808	302	1/1
8	15869882	15870798	916	1/1
8	19938940	19939354	414	1/1
8	23744270	23745790	1520	0/1
8	32008110	32010079	1969	0/1
8	38909480	38910232	752	1/1
8	70987670	70988268	598	0/1
8	76930332	76930545	213	0/1
8	82643046	82643686	640	1/1
8	96334321	96334953	632	0/1
8	96334483	96334822	339	0/1
8	98833147	98833712	565	0/1
8	116839471	116841558	2087	0/1
8	137075937	137077892	1955	0/1
9	2279373	3813086	1533713	0/1
9	7453415	7453941	526	1/1
9	10310693	10311325	632	1/1
9	12287340	12287931	591	0/1
9	12753067	12753285	218	0/1
9	20742116	20742793	677	0/1
9	28088596	28119571	30975	0/1
9	32506763	32508676	1913	0/1
9	44085485	44086035	550	1/1
9	71732583	71733706	1123	0/1
9	72650286	72650849	563	0/1
9	79291284	79293041	1757	0/1
9	79291306	79293049	1743	0/1
9	100771029	100772496	1467	0/1
9	111168149	111234757	66608	0/1
9	140265176	140265562	386	0/1
10	8142664	8144964	2300	0/1
10	13430844	13431728	884	1/1
10	15421152	15423002	1850	0/1
10	18248348	18250295	1947	0/1
10	20107762	20108254	492	0/1
10	21466624	21467625	1001	0/1
10	21466636	21467598	962	0/1
10	36101570	36102145	575	1/1
10	55663656	55667455	3799	0/1
10	61557868	61559079	1211	0/1
10	70109306	70109808	502	0/1
10	107643746	107643818	72	0/1
10	123337845	123338677	832	1/1
10	126371976	126372066	90	0/1
10	131140658	131141393	735	1/1
11	8432602	8434443	1841	0/1
11	10150879	10150988	109	0/1
11	11124158	11214323	90165	0/1
11	14364357	14365218	861	1/1
11	18953917	18954803	886	0/1
11	25352486	25353177	691	1/1
11	32096625	32097259	634	1/1
11	108260775	108261650	875	1/1
11	108438606	108440298	1692	0/1
11	115783526	115785453	1927	0/1
11	119648490	119648948	458	1/1
11	121225831	121225892	61	0/1
11	127423906	127425985	2079	0/1
11	128523391	128524088	697	1/1
11	128712680	128712754	74	0/1
12	1948080	1948783	703	1/1
12	2662748	2663226	478	1/1
12	9072619	9074431	1812	0/1
12	10906401	10906982	581	0/1
12	11245085	11245489	404	0/1
12	11900983	11904840	3857	0/1
12	12774195	12780448	6253	0/1
12	15150457	15152079	1622	0/1
12	20262584	20262837	253	0/1
12	21646407	21646809	402	0/1
12	22659774	22660640	866	1/1
12	23913824	23914276	452	1/1
12	26614370	26614490	120	0/1
12	26629994	26631569	1575	0/1
12	34300040	34300446	406	0/1
12	67851690	67852090	400	0/1
12	67851751	67852027	276	0/1
12	75743416	75743728	312	1/1
12	76570906	76572726	1820	0/1
12	80725249	80725651	402	0/1
12	83851790	83852392	602	0/1
12	84549880	84550483	603	1/1
12	126423211	126423681	470	1/1
13	52159315	52159865	550	1/1
13	79270941	79271714	773	1/1
13	79270941	79271716	775	1/1
13	100208103	100208556	453	1/1
13	112297303	112297870	567	1/1
14	37521914	37532575	10661	0/1
14	46856938	46857090	152	0/1
14	51753648	51754464	816	0/1
14	55590391	55591482	1091	0/1
14	64334256	64335553	1297	0/1
14	65826254	65826870	616	1/1
14	80168359	80168503	144	0/1
14	85848484	85850006	1522	0/1
14	97205085	97205691	606	1/1
14	100749092	100749247	155	0/1
15	56825510	56826085	575	1/1
15	65114592	65114842	250	0/1
15	70121276	70121448	172	0/1
15	70672433	70674602	2169	0/1
15	82492515	82494868	2353	0/1
15	102362985	102363480	495	0/1
15	102363095	102363400	305	0/1
16	1594201	1594289	88	0/1
16	17306824	17307972	1148	0/1
16	28083488	28083559	71	0/1
16	49026569	49027195	626	1/1
16	49026569	49027203	634	1/1
16	55798835	55862669	63834	0/1
16	59671192	59672869	1677	0/1
16	62011952	62012012	60	0/1
16	66319311	66320106	795	1/1
17	4850917	4863833	12916	0/1
17	5641772	5643238	1466	0/1
17	10862970	10865457	2487	0/1
17	11367149	11369497	2348	0/1
17	12419962	12422126	2164	0/1
17	13296452	13297363	911	1/1
17	16195685	16196183	498	1/1
17	19907851	19908071	220	0/1
17	20747251	20749620	2369	0/1
17	20972974	20973563	589	1/1
17	25501599	25502321	722	1/1
17	55607469	55607747	278	1/1
17	64493501	64494211	710	0/1
17	77152720	77153175	455	0/1
17	79837964	79838769	805	1/1
18	1602748	1603680	932	0/1
18	11363398	11365087	1689	0/1
18	12612060	12612157	97	0/1
18	12612085	12612165	80	0/1
18	13224751	13226142	1391	0/1
18	41627231	41628180	949	0/1
18	51360719	51360781	62	0/1
18	65066088	65066935	847	1/1
18	76741756	76742198	442	1/1
19	5385161	5385249	88	0/1
19	12888448	12890672	2224	0/1
19	17556372	17556996	624	1/1
19	23477806	23478509	703	1/1
19	23955649	23956134	485	0/1
19	32081191	32082167	976	0/1
19	33411075	33411640	565	0/1
19	46861663	46862382	719	0/1
19	50813373	50815092	1719	0/1
19	51984914	51986542	1628	0/1
20	520461	522800	2339	0/1
20	802190	803177	987	1/1
20	8668624	8669931	1307	0/1
20	8668625	8669947	1322	0/1
20	15087391	15089791	2400	0/1
20	19917417	19918064	647	0/1
20	20346300	20438468	92168	0/1
20	36092154	36092423	269	0/1
20	50379249	50381724	2475	0/1
20	61898048	61898875	827	0/1
20	61898276	61898875	599	0/1
21	10541668	10542418	750	0/1
21	30511747	30511893	146	0/1
21	47068518	47068611	93	0/1
22	17686417	17686515	98	0/1
22	23933497	23934947	1450	0/1
22	37731176	37732012	836	1/1
22	44059307	44060207	900	0/1
22	44974488	44975425	937	1/1
22	44974493	44975420	927	1/1
22	47110090	47110324	234	0/1
X	418958	419762	804	0/1
X	3701444	3702070	626	0/1
X	3701457	3702081	624	0/1
X	21498587	21499506	919	1/1
X	29113174	29113939	765	0/1
X	31756873	31756970	97	0/1
X	62132561	62133106	545	1/1
X	75817730	75818350	620	1/1
X	85976618	85977192	574	1/1
X	129547041	129547161	120	0/1
Y	2999692	3000650	958	0/1
Y	10054356	10055581	1225	0/1
