1	3276025	3276390	365	0/1
1	12013049	12013479	430	0/1
1	15908322	15908385	63	0/1
1	46423598	46424331	733	0/1
1	47360721	47538131	177410	0/1
1	53871631	53871716	85	0/1
1	57167342	57168000	662	0/1
1	74265724	74268028	2304	0/1
1	76126198	76128250	2052	0/1
1	77381401	77381428	27	0/1
1	78617472	78617505	33	0/1
1	91631997	91632047	50	0/1
1	93210847	93211540	693	0/1
1	94329596	94331673	2077	0/1
1	101266601	101267382	781	1/1
1	101266603	101267381	778	1/1
1	104980175	104980249	74	0/1
1	107631826	107631866	40	0/1
1	153388197	153433913	45716	0/1
1	154264336	154264740	404	1/1
1	158041978	158042442	464	0/1
1	162125032	162125118	86	0/1
1	164251929	164251968	39	0/1
1	164251929	164252009	80	0/1
1	165515450	165515469	19	0/1
1	181921813	181922495	682	1/1
1	182323332	182323384	52	0/1
1	191772396	191772536	140	0/1
1	193382944	193383032	88	0/1
1	196854625	196854692	67	0/1
1	197660016	197660059	43	0/1
1	197682921	197682982	61	0/1
1	201518805	201518811	6	1/1
1	202961755	202961772	17	0/1
1	213004376	213006490	2114	0/1
1	213100068	213100101	33	0/1
1	218064641	218066785	2144	0/1
1	225289142	225289720	578	0/1
1	229505362	229505395	33	0/1
1	236304025	236304123	98	0/1
1	236420183	236420209	26	0/1
1	242072037	242072782	745	0/1
1	243389446	243389534	88	0/1
1	245684618	245685209	591	0/1
2	23241403	23241690	287	1/1
2	27501529	27502208	679	0/1
2	32885001	32885407	406	0/1
2	42411046	42412499	1453	0/1
2	46939758	46940234	476	0/1
2	47868255	47868336	81	0/1
2	54931461	54931672	211	0/1
2	64289730	64290562	832	1/1
2	68652914	68652959	45	0/1
2	72873450	72873522	72	0/1
2	77268892	77268940	48	0/1
2	77268892	77268991	99	0/1
2	87511967	87512426	459	1/1
2	106806002	106806006	4	1/1
2	115974445	115974497	52	0/1
2	116007601	116008117	516	1/1
2	118197980	118198116	136	0/1
2	119936099	119936130	31	0/1
2	122815447	122815994	547	1/1
2	139453767	139454264	497	0/1
2	141013273	141013318	45	0/1
2	144647635	144647705	70	0/1
2	159541461	159542042	581	0/1
2	166777255	166777301	46	0/1
2	195643269	195643333	64	0/1
2	208585704	208585768	64	0/1
2	218406293	218406579	286	1/1
2	223783297	223783440	143	0/1
2	228465818	228465879	61	0/1
2	230864136	230864797	667	0/1
2	234063663	234063992	329	0/1
2	238788140	238788331	191	0/1
3	5206894	5207900	1006	0/1
3	30377876	30379221	1349	0/1
3	34569578	34569621	43	0/1
3	63694482	63695101	619	0/1
3	68487195	68487242	47	0/1
3	78186937	78187458	531	0/1
3	79434143	79434640	501	0/1
3	94529309	94550714	21405	0/1
3	94817626	94817691	65	0/1
3	103599908	103600152	244	0/1
3	105099343	105100158	815	1/1
3	108510624	108510706	82	0/1
3	117356154	117357106	952	1/1
3	119247709	119247842	133	0/1
3	132059313	132059372	59	0/1
3	133375510	133376370	860	1/1
3	143815792	143816049	257	1/1
3	150617209	150617776	567	1/1
3	160322915	160324480	1565	0/1
3	174924069	174924112	43	0/1
3	182720428	182720958	530	1/1
4	16956547	16956839	294	1/1
4	17030879	17031840	961	1/1
4	17030884	17031822	938	1/1
4	43128644	43128664	20	0/1
4	84261796	84262200	404	1/1
4	92417845	92418026	181	0/1
4	94582878	94583921	1043	0/1
4	105555819	105555844	25	0/1
4	122326824	122326903	79	0/1
4	124167594	124167684	90	0/1
4	126406437	126406506	69	0/1
4	134105928	134105965	37	0/1
5	610469	610823	356	1/1
5	610473	610603	130	0/1
5	14022656	14022708	52	0/1
5	16445446	16447579	2133	0/1
5	27574658	27574716	58	0/1
5	33216321	33216634	313	1/1
5	33932096	33932757	661	0/1
5	58798296	58799230	934	0/1
5	96155461	96156055	594	0/1
5	105086468	105086548	80	0/1
5	136044800	136044859	59	0/1
5	149929447	149929500	53	0/1
5	175417192	177281981	1864789	0/1
6	18251695	18252643	948	1/1
6	21031003	21031546	543	1/1
6	37808267	37810730	2463	0/1
6	63408689	63408737	48	0/1
6	63507014	63507786	772	0/1
6	69034111	69034248	137	0/1
6	77812146	77812227	81	0/1
6	94924759	94993328	68569	0/1
6	100456612	100456693	81	0/1
6	102678420	102678455	35	0/1
6	102678420	102678512	92	0/1
6	118593892	118593940	48	0/1
6	123776989	123777630	641	1/1
6	143766194	143766255	61	0/1
6	167650731	167687307	36576	0/1
7	2789362	2789441	79	0/1
7	9959378	9959935	557	1/1
7	9959378	9959938	560	1/1
7	20255703	20256350	659	0/1
7	24723759	24725761	2002	0/1
7	28218726	28219218	492	1/1
7	42536766	42537119	353	0/1
7	51537987	51538431	444	0/1
7	67131477	67131799	336	0/1
7	80695001	80696817	1816	0/1
7	100188502	100189711	1209	0/1
7	128463463	128465874	2411	0/1
7	134356570	134357187	617	0/1
7	148407480	148407958	478	0/1
7	153108678	153130344	21666	0/1
7	158925893	158956411	30518	0/1
8	3278505	3278809	304	1/1
8	6461615	6461619	4	1/1
8	11797487	11798126	651	0/1
8	15869882	15870798	916	1/1
8	19938941	19939353	412	1/1
8	27722409	27723256	847	0/1
8	32008111	32010078	1967	0/1
8	33873747	33874368	621	0/1
8	38909480	38910232	752	1/1
8	47272901	47272960	59	0/1
8	52981804	52981861	57	0/1
8	62430912	62430954	42	0/1
8	62710854	62710913	59	0/1
8	76930332	76930545	213	1/1
8	78174885	78174889	4	1/1
8	79203846	79203877	31	0/1
8	82643046	82643686	640	1/1
8	95946249	95946686	437	0/1
8	96334321	96334953	632	0/1
8	112943409	112943413	4	0/1
8	116839470	116841559	2089	0/1
8	137075937	137077892	1955	0/1
9	7453415	7453941	526	1/1
9	7998879	7998949	70	0/1
9	9845174	9845212	38	0/1
9	10310693	10311325	632	1/1
9	12287341	12287930	589	0/1
9	12753067	12753285	218	0/1
9	14884221	14884945	724	0/1
9	20742119	20742790	671	0/1
9	28088598	28119569	30971	0/1
9	28737647	28737700	53	0/1
9	32506763	32508676	1913	0/1
9	44085485	44086035	550	1/1
9	46186534	46187351	817	0/1
9	46316903	46317720	817	0/1
9	67099893	69582382	2482489	0/1
9	71732583	71733706	1123	0/1
9	72650286	72650849	563	0/1
9	79291307	79293048	1741	0/1
9	82255111	82255412	301	0/1
9	100771029	100772496	1467	0/1
9	111168149	111234757	66608	0/1
9	135342645	135342673	28	0/1
9	135342645	135342673	28	0/1
9	140265176	140265562	386	0/1
10	6399327	6399765	438	1/1
10	6994332	6994354	22	0/1
10	8142664	8144964	2300	0/1
10	15421153	15423001	1850	0/1
10	20107762	20108254	492	0/1
10	21466638	21467596	958	0/1
10	36101570	36102145	575	1/1
10	54004681	54004721	40	0/1
10	55663656	55667455	3799	0/1
10	58303006	58303073	67	0/1
10	61557868	61559079	1211	0/1
10	70109306	70109808	502	0/1
10	75088586	75089903	1317	0/1
10	91632847	91633544	697	0/1
10	108313687	108313756	69	0/1
10	123337844	123338678	834	1/1
10	126371976	126372066	90	0/1
10	131140659	131141392	733	1/1
11	8432602	8434443	1841	0/1
11	10150880	10150987	107	0/1
11	11124158	11214323	90165	0/1
11	23708474	23708550	76	0/1
11	25352486	25353177	691	1/1
11	26550654	26550727	73	0/1
11	32096625	32097259	634	1/1
11	37289961	37290684	723	0/1
11	62883069	62883118	49	0/1
11	89604483	89705366	100883	0/1
11	99500961	99501011	50	0/1
11	108260776	108261649	873	1/1
11	108438607	108440297	1690	0/1
11	115783527	115785452	1925	0/1
11	119648490	119648948	458	1/1
11	128047094	128047642	548	0/1
11	128523393	128524086	693	1/1
11	128712680	128712754	74	0/1
12	1948080	1948783	703	1/1
12	2662748	2663226	478	1/1
12	3167780	3168494	714	0/1
12	8027586	8027653	67	0/1
12	9657722	9927335	269613	0/1
12	10906402	10906981	579	0/1
12	11245087	11245487	400	0/1
12	11900984	11904839	3855	0/1
12	12774197	12780446	6249	0/1
12	13047990	13048650	660	0/1
12	15150457	15152079	1622	0/1
12	20262584	20262837	253	0/1
12	21646407	21646809	402	0/1
12	22659774	22660640	866	1/1
12	23913824	23914276	452	1/1
12	26629994	26631569	1575	0/1
12	39129059	39129147	88	0/1
12	41156200	41156243	43	0/1
12	67851686	67852094	408	0/1
12	68181400	68181442	42	0/1
12	75345226	75345347	121	0/1
12	75743418	75743726	308	1/1
12	76570906	76572726	1820	1/1
12	80725249	80725651	402	0/1
12	83851791	83852391	600	0/1
12	84549882	84550481	601	1/1
12	124321521	124321731	210	0/1
12	126423211	126423681	470	1/1
12	128184780	128184846	66	0/1
12	131777225	131777277	52	0/1
12	132292887	132293050	163	0/1
13	23781170	23781215	45	0/1
13	27056284	27056341	57	0/1
13	52159315	52159865	550	1/1
13	64108483	64108508	25	0/1
13	79270941	79271689	748	0/1
13	79270941	79271714	773	1/1
13	79270941	79271716	775	1/1
13	84851870	84852259	389	0/1
13	94340043	94340117	74	0/1
13	100208103	100208556	453	1/1
13	105570310	105570350	40	0/1
13	112297304	112297869	565	1/1
14	35962260	35962309	49	0/1
14	37521914	37532575	10661	0/1
14	46856939	46857089	150	0/1
14	51753650	51754462	812	0/1
14	64334256	64335553	1297	0/1
14	65826254	65826870	616	1/1
14	80168359	80168503	144	0/1
14	85848485	85850005	1520	0/1
14	93956747	93956760	13	0/1
14	97205085	97205691	608	1/1
14	100749092	100749247	155	0/1
14	104537552	104538136	598	0/1
14	106688297	106688362	65	0/1
15	26496956	26496986	30	0/1
15	29934773	29934801	28	0/1
15	56825510	56826085	575	1/1
15	65114593	65114841	248	0/1
15	70121276	70121448	172	0/1
15	70672434	70674601	2167	0/1
15	82492515	82494868	2353	0/1
15	97910752	97910787	35	0/1
15	102362985	102363480	495	0/1
16	1594203	1594287	84	0/1
16	17306825	17307971	1146	0/1
16	28083488	28083559	71	0/1
16	33565460	33565516	56	0/1
16	48547541	48547583	42	0/1
16	49026569	49027195	626	1/1
16	49026569	49027203	634	1/1
16	55832264	55832577	313	0/1
16	59671192	59672869	1677	0/1
16	60918884	60918936	52	0/1
16	62011952	62012012	60	0/1
16	62044946	62044975	29	0/1
16	66319311	66320106	795	1/1
17	4850917	4863833	12916	0/1
17	5641773	5643237	1466	0/1
17	8130653	8130698	45	0/1
17	10862970	10865457	2487	0/1
17	12419963	12422125	2162	0/1
17	13296452	13297363	911	1/1
17	16689737	18432585	1742848	0/1
17	20972976	20973561	585	1/1
17	25501599	25502321	722	1/1
17	55607469	55607747	278	1/1
17	64493501	64494211	710	0/1
17	77152720	77153175	455	0/1
17	79837963	79838770	807	1/1
18	1602749	1603679	930	0/1
18	11363399	11365086	1687	0/1
18	11927372	11927406	34	0/1
18	12612060	12612157	97	0/1
18	13224751	13226142	1391	0/1
18	39791474	39791569	95	0/1
18	41627231	41628180	949	0/1
18	65066089	65066934	845	1/1
18	76741755	76742199	444	1/1
19	7062035	7062098	63	0/1
19	12888449	12890671	2222	0/1
19	17556374	17556994	620	1/1
19	23477802	23478513	711	1/1
19	23955649	23956134	485	0/1
19	32081192	32082166	974	0/1
19	33411075	33411640	565	0/1
19	46861665	46862380	715	0/1
19	50813373	50815092	1719	0/1
19	51984915	51986541	1626	0/1
20	520462	522799	2337	0/1
20	802192	803175	983	1/1
20	8668625	8669947	1322	0/1
20	10690104	10690838	734	0/1
20	13543553	13543714	161	0/1
20	19917417	19918064	647	0/1
20	20346300	20438468	92168	0/1
20	36092154	36092423	269	1/1
20	50379249	50381724	2475	0/1
20	53435649	53436089	440	0/1
21	10541668	10542418	750	0/1
21	11023772	11024412	640	1/1
21	25682633	25687560	4927	0/1
21	27123583	27123651	68	0/1
21	30511747	30511893	146	1/1
21	47068518	47068611	93	0/1
22	23933498	23934946	1448	0/1
22	28721057	28928462	207405	0/1
22	31236050	31236313	263	0/1
22	37136012	37136663	651	0/1
22	37731176	37732012	836	1/1
22	44059307	44060207	900	0/1
22	44969225	44969271	46	0/1
22	44974488	44975425	937	1/1
22	47110091	47110323	232	0/1
X	3701445	3702069	624	0/1
X	3701457	3702081	624	0/1
X	21498588	21499505	917	1/1
X	29113175	29113938	763	0/1
X	31756873	31756970	97	0/1
X	54941268	54941291	23	0/1
X	62132562	62133105	545	1/1
X	75817731	75818349	618	1/1
X	85976618	85977192	576	1/1
X	103927998	103928008	10	0/1
X	107995136	107995186	50	0/1
X	129547041	129547161	120	0/1
Y	2999692	3000650	958	0/1
Y	5605275	5605967	692	0/1
Y	6103685	9755984	3652299	0/1
Y	25581065	28381519	2800454	0/1
Y	25877306	28084184	2206878	0/1
Y	26198876	27763261	1564385	0/1
Y	26326638	26327154	516	0/1
Y	27607576	27608092	516	0/1
Y	27635278	27635794	516	0/1
