1	7982463	7984163	1700	0/1
1	12013049	12013480	431	0/1
1	24242597	24242598	1	1/1
1	46423598	46424332	734	0/1
1	52390813	52391117	304	1/1
1	53871632	53871716	84	0/1
1	74265725	74268029	2304	0/1
1	76126199	76128251	2052	0/1
1	93210847	93211541	694	0/1
1	94329596	94331674	2078	0/1
1	154263920	154264735	815	0/1
1	154264337	154264741	404	1/1
1	181921814	181922496	682	1/1
1	191772396	191772537	141	0/1
1	193382944	193383033	89	0/1
1	218064649	218066778	2129	0/1
1	236304026	236304123	97	0/1
2	23241403	23241692	289	1/1
2	42411047	42412500	1453	0/1
2	54478259	54478398	139	1/1
2	54478262	54478400	138	1/1
2	54931462	54931673	211	0/1
2	64289732	64290562	830	1/1
2	116007601	116008117	516	1/1
2	116007602	116008119	517	1/1
2	122815448	122815994	546	1/1
2	139453767	139454265	498	0/1
2	218406294	218406578	284	1/1
2	218406296	218406579	283	1/1
3	5206895	5207900	1005	0/1
3	63694481	63695102	621	0/1
3	63694482	63695104	622	0/1
3	68487196	68487242	46	0/1
3	79434146	79434639	493	0/1
3	94529310	94550714	21404	0/1
3	103599911	103600152	241	0/1
3	105099344	105100159	815	1/1
3	108510625	108510707	82	0/1
3	117356154	117357107	953	1/1
3	132059314	132059373	59	0/1
3	133375510	133376370	860	1/1
3	133375511	133376372	861	1/1
3	143815794	143816047	253	1/1
3	143815796	143816048	252	1/1
3	150617210	150617777	567	1/1
3	160322916	160324480	1564	0/1
3	182720430	182720958	528	1/1
4	16956547	16956839	292	1/1
4	16956549	16956840	291	1/1
4	17030884	17031836	952	1/1
4	17030885	17031822	937	1/1
4	47781496	47781857	361	0/1
4	71799388	71800726	1338	0/1
4	84261802	84262196	394	1/1
4	94582879	94583922	1043	0/1
4	124167593	124167683	90	0/1
4	124167597	124167686	89	0/1
5	610474	610819	345	1/1
5	16445446	16447580	2134	0/1
5	33216321	33216635	314	1/1
5	33932097	33932758	661	0/1
5	58798301	58799226	925	0/1
6	4734783	4736364	1581	0/1
6	4734784	4736366	1582	0/1
6	18251696	18252644	948	1/1
6	21031001	21031547	546	1/1
6	21031003	21031550	547	1/1
6	37810730	37810731	1	1/1
6	63408690	63408737	47	0/1
6	94924759	94993329	68570	0/1
6	94924761	94993326	68565	0/1
6	123776990	123777645	655	1/1
7	2789363	2789442	79	0/1
7	6642004	6642554	550	1/1
7	9959379	9959939	560	1/1
7	24723759	24725762	2003	0/1
7	28218727	28219219	492	1/1
7	80695001	80696818	1817	0/1
7	100188503	100189711	1208	0/1
7	100902494	100902916	422	1/1
7	128463464	128465875	2411	0/1
7	153108679	153130344	21665	0/1
8	3278507	3278809	302	1/1
8	15869883	15870799	916	1/1
8	19938941	19939354	413	1/1
8	32008111	32010079	1968	0/1
8	38909480	38910233	753	1/1
8	52981805	52981861	56	0/1
8	62430913	62430955	42	0/1
8	62710855	62710913	58	0/1
8	70987670	70988269	599	0/1
8	76930333	76930546	213	1/1
8	82643046	82643687	641	1/1
8	96334321	96334954	633	0/1
8	98833147	98833713	566	0/1
8	116839471	116841559	2088	0/1
8	137075937	137077893	1956	0/1
9	7453416	7453942	526	1/1
9	10310694	10311325	631	1/1
9	12287341	12287931	590	0/1
9	12753068	12753286	218	0/1
9	20742117	20742791	674	0/1
9	20742119	20742794	675	0/1
9	20742120	20742793	673	0/1
9	28088177	28119571	31394	0/1
9	28088597	28119570	30973	0/1
9	28088598	28119572	30974	0/1
9	71732584	71733707	1123	0/1
9	72650287	72650850	563	0/1
9	79291307	79293379	2072	0/1
9	100771030	100772496	1466	0/1
9	140265177	140265562	385	0/1
10	8144964	8144965	1	1/1
10	13430845	13431729	884	1/1
10	15421153	15423003	1850	0/1
10	18248348	18249893	1545	0/1
10	18248349	18250296	1947	0/1
10	20107763	20108255	492	0/1
10	21466637	21467908	1271	0/1
10	21466962	21467597	635	0/1
10	36101571	36102146	575	1/1
10	55663657	55667456	3799	0/1
10	61557869	61559079	1210	0/1
10	70109306	70109809	503	0/1
10	107643747	107643818	71	0/1
10	108313688	108313757	69	0/1
10	123337846	123338678	832	1/1
10	126371977	126372067	90	0/1
10	131140659	131141393	734	1/1
11	8432603	8434444	1841	0/1
11	10150880	10150988	108	0/1
11	11124158	11214324	90166	0/1
11	11124159	11214323	90164	0/1
11	14364358	14365219	861	1/1
11	14364359	14365218	859	1/1
11	18953917	18954804	887	0/1
11	18953918	18954809	891	0/1
11	25352487	25353178	691	1/1
11	32096626	32097260	634	1/1
11	49201686	49887467	685781	0/1
11	108260776	108261650	874	1/1
11	108438607	108440297	1690	0/1
11	108438608	108439923	1315	0/1
11	108438609	108440298	1689	0/1
11	115783527	115785453	1926	0/1
11	119648491	119648948	457	1/1
11	121225832	121225892	60	0/1
11	127423494	127425985	2491	0/1
11	127423906	127425986	2080	0/1
11	128523392	128524087	695	1/1
11	128523393	128524089	696	1/1
11	128712681	128712754	73	0/1
12	1948081	1948783	702	1/1
12	2662744	2663227	483	1/1
12	9072620	9074431	1811	0/1
12	10906402	10906982	580	0/1
12	11900984	11904840	3856	0/1
12	12774196	12780447	6251	0/1
12	12774197	12780449	6252	0/1
12	15150458	15152080	1622	0/1
12	20262585	20262837	252	0/1
12	21646408	21646810	402	0/1
12	22659775	22660641	866	1/1
12	23913825	23914276	451	1/1
12	26614371	26614490	119	1/1
12	26631569	26631570	1	0/1
12	34300041	34300444	403	0/1
12	67851691	67852090	399	0/1
12	68181400	68181443	43	0/1
12	75743417	75743726	309	1/1
12	75743419	75743728	309	1/1
12	76570907	76572726	1819	0/1
12	80725250	80725652	402	0/1
12	83851791	83852391	600	0/1
12	83851792	83852393	601	0/1
12	84549881	84550481	600	1/1
12	84549883	84550484	601	1/1
12	84549884	84550483	599	1/1
12	84549885	84550482	597	1/1
12	126423212	126423682	470	1/1
13	52159316	52159866	550	1/1
13	79270937	79271713	776	1/1
13	79270941	79271717	776	1/1
13	100208104	100208556	452	1/1
13	112297304	112297870	566	1/1
14	35962258	35962310	52	0/1
14	37521915	37532576	10661	0/1
14	37532488	37532575	87	0/1
14	46856939	46857090	151	0/1
14	51753649	51754462	813	0/1
14	51753651	51754465	814	0/1
14	55590392	55591479	1087	0/1
14	55590395	55591483	1088	0/1
14	55590396	55591482	1086	0/1
14	64334256	64335554	1298	0/1
14	64334257	64335553	1296	0/1
14	65826255	65826871	616	1/1
14	80168360	80168504	144	0/1
14	85848485	85850006	1521	0/1
14	97205085	97205693	608	1/1
14	97205086	97205691	605	1/1
14	100749093	100749248	155	0/1
15	56825511	56826086	575	1/1
15	65114593	65114842	249	0/1
15	70121277	70121448	171	0/1
15	70672434	70674602	2168	0/1
15	82492822	82494869	2047	0/1
15	102362986	102363481	495	0/1
16	17306825	17307972	1147	0/1
16	28083489	28083559	70	0/1
16	49026570	49027195	625	1/1
16	59671193	59672869	1676	0/1
16	62011953	62012012	59	0/1
16	66319312	66320106	794	1/1
17	4281578	4281628	50	0/1
17	4850918	4863834	12916	0/1
17	5641773	5643239	1466	0/1
17	8130653	8130699	46	0/1
17	10862971	10865458	2487	0/1
17	11369497	11369498	1	1/1
17	12419963	12422124	2161	0/1
17	12419965	12422127	2162	0/1
17	13296453	13297364	911	1/1
17	16195686	16196183	497	1/1
17	19907852	19908400	548	0/1
17	20749618	20749619	1	0/1
17	20972975	20973562	587	1/1
17	20972976	20973564	588	1/1
17	25501600	25502322	722	1/1
17	55607470	55607748	278	1/1
17	64493502	64494211	709	0/1
17	77152721	77153176	455	0/1
17	79837965	79838769	804	1/1
18	1602750	1603680	930	0/1
18	11363399	11365087	1688	0/1
18	12612061	12612158	97	0/1
18	13224752	13226143	1391	0/1
18	41627231	41628181	950	0/1
18	51360723	51360781	58	0/1
18	65066089	65066935	846	1/1
18	76741756	76742199	443	1/1
19	5385162	5385249	87	0/1
19	12888449	12890672	2223	0/1
19	17556373	17556995	622	1/1
19	17556374	17556997	623	1/1
19	23477807	23478510	703	1/1
19	23955650	23956134	484	0/1
19	23955886	23956262	376	0/1
19	32081192	32082167	975	0/1
19	33411076	33411640	564	0/1
19	46861664	46862381	717	0/1
19	46861665	46862383	718	0/1
19	50813374	50815093	1719	0/1
19	51984501	51986542	2041	0/1
19	51984915	51986537	1622	0/1
20	520462	522800	2338	0/1
20	802191	803175	984	1/1
20	802193	803177	984	1/1
20	15089791	15089792	1	1/1
20	19917417	19918065	648	0/1
20	20346301	20438468	92167	0/1
20	36092155	36092424	269	1/1
20	50379249	50381725	2476	0/1
21	10541669	10542706	1037	0/1
21	30511748	30511893	145	1/1
21	47068519	47068611	92	0/1
22	17686418	17686515	97	0/1
22	37731177	37732013	836	1/1
22	44059308	44060208	900	0/1
22	44974489	44975426	937	1/1
22	47110091	47110324	233	0/1
X	418959	419762	803	0/1
X	3701445	3702071	626	0/1
X	3701446	3702070	624	0/1
X	3701458	3702082	624	0/1
X	21498588	21499506	918	1/1
X	29113175	29113937	762	0/1
X	29113177	29113940	763	0/1
X	29113178	29113939	761	0/1
X	31756874	31756969	95	0/1
X	62132562	62133105	543	1/1
X	62132563	62133107	544	1/1
X	75817279	75818350	1071	0/1
X	75817731	75818678	947	0/1
X	85976619	85977192	573	1/1
X	129547042	129547162	120	0/1
Y	10054356	10055582	1226	0/1
Y	10054357	10055581	1224	0/1
