1	7982401	7984200	1800	0/1
1	39933501	39935200	1700	0/1
1	39936001	40629100	693100	0/1
1	40629401	41370300	740900	0/1
1	41370601	42957400	1586800	0/1
1	42957601	43825500	867900	0/1
1	56831901	56835200	3300	0/1
1	72356701	72359600	2900	1/1
1	81404901	81411400	6500	0/1
1	84518201	84523300	5100	0/1
1	86215101	86219600	4500	0/1
1	94257401	94261600	4200	0/1
1	119395001	119399500	4500	0/1
1	121273901	121279200	5300	0/1
1	165940101	165943200	3100	0/1
1	176226001	176229500	3500	0/1
1	184817701	184820500	2800	1/1
1	187313001	187317100	4100	0/1
1	187570501	187576300	5800	0/1
1	195894701	195896600	1900	0/1
1	197679201	197682600	3400	0/1
1	237182801	237188400	5600	0/1
1	237238801	237244100	5300	0/1
1	239786801	239790300	3500	0/1
1	247851501	247856300	4800	0/1
2	4781401	4786600	5200	0/1
2	11136701	11140200	3500	0/1
2	36339601	36344800	5200	0/1
2	41777201	41780900	3700	0/1
2	71638801	71643600	4800	0/1
2	86883401	86888400	5000	0/1
2	103183001	103188300	5300	0/1
2	106748401	106753100	4700	0/1
2	119654101	119658000	3900	0/1
2	130169101	130172600	3500	0/1
2	144618801	144624800	6000	0/1
2	158424201	158427700	3500	0/1
2	167846201	167850700	4500	0/1
2	173180801	173185800	5000	0/1
2	175269301	175273100	3800	0/1
2	181697301	181702100	4800	0/1
2	197388201	197391400	3200	0/1
2	197772001	197776700	4700	0/1
2	214432001	214437100	5100	0/1
3	4959701	4963800	4100	0/1
3	26439501	26442700	3200	0/1
3	34695601	34698200	2600	0/1
3	46605301	46606700	1400	0/1
3	108921101	108924700	3600	0/1
3	116079601	116084500	4900	0/1
3	120294401	120297900	3500	0/1
3	131127501	131130300	2800	0/1
3	142365901	142367300	1400	0/1
4	26925101	26928000	2900	0/1
4	31863301	31865700	2400	0/1
5	39211301	39213800	2500	0/1
5	175353801	175358200	4400	0/1
6	37808201	37810700	2500	0/1
7	148200801	148202400	1600	0/1
8	117650801	117652800	2000	0/1
9	32506701	32508700	2000	./1
9	34959201	34960200	1000	./1
9	104031001	104031900	900	1/1
10	8142601	8145000	2400	0/1
10	15421101	15423000	1900	0/1
10	48509701	48511200	1500	0/1
10	100264701	100266800	2100	0/1
11	109538301	109570900	32600	0/1
12	60401	71400	11000	0/1
12	71601	95600	24000	0/1
12	146201	2240600	2094400	0/1
12	2243901	3608800	1364900	0/1
12	3614301	3805600	191300	0/1
12	3805701	6241500	2435800	0/1
12	6248201	6887100	638900	0/1
12	6887401	7189800	302400	0/1
12	7240401	8595100	1354700	0/1
12	8596601	9016900	420300	0/1
12	9017901	9232400	214500	0/1
12	9232701	9716900	484200	0/1
12	9718701	9722000	3300	0/1
12	9723001	11068000	1345000	0/1
12	11068301	13546600	2478300	0/1
12	13546801	17331500	3784700	0/1
12	17331701	19726500	2394800	0/1
12	19727101	20667500	940400	0/1
12	20667701	23636900	2969200	0/1
12	23637101	27604800	3967700	0/1
12	27605001	30371300	2766300	0/1
12	30371701	34243600	3871900	0/1
12	34247401	34856300	608900	0/1
12	37856901	39197800	1340900	0/1
12	39198901	41148200	1949300	0/1
12	41151201	41183200	32000	0/1
12	41183501	41473700	290200	0/1
12	41478201	43926400	2448200	0/1
12	43927701	43977500	49800	0/1
12	43978501	44017000	38500	0/1
12	44017201	44502500	485300	0/1
12	44507601	45768300	1260700	0/1
12	45768501	45903200	134700	0/1
12	45909901	50623300	4713400	0/1
12	50623501	51721500	1098000	0/1
12	51721701	51956500	234800	0/1
12	51961801	55183400	3221600	0/1
12	55187801	55490200	302400	0/1
12	55491201	60244200	4753000	0/1
12	60244401	62336200	2091800	0/1
12	62342401	64681600	2339200	0/1
12	64687001	68023200	3336200	0/1
12	68023401	69991900	1968500	0/1
12	69992101	70167600	175500	0/1
12	70172801	70872300	699500	0/1
12	70878201	71381900	503700	0/1
12	71382301	71602400	220100	0/1
12	71604501	73542300	1937800	0/1
12	73542601	73677900	135300	0/1
12	73679901	75269400	1589500	0/1
12	75274601	76783600	1509000	0/1
12	76784201	77567600	783400	0/1
12	77572201	82080100	4507900	0/1
12	82080301	84593100	2512800	0/1
12	84596001	85707000	1111000	0/1
12	85707201	86426100	718900	0/1
12	86432901	88141300	1708400	0/1
12	88143201	88291100	147900	0/1
12	88291301	89611800	1320500	0/1
12	89612201	90254200	642000	0/1
12	90254401	90931000	676600	0/1
12	90935101	92710500	1775400	0/1
12	92713701	92891300	177600	0/1
12	92892901	93311300	418400	0/1
12	93314501	94889000	1574500	0/1
12	94889301	95343900	454600	0/1
12	95345001	96714300	1369300	0/1
12	96715501	101543100	4827600	0/1
12	101545501	104555600	3010100	0/1
12	104556101	109373000	4816900	0/1
12	109423901	110656700	1232800	0/1
12	110656901	112228400	1571500	0/1
12	112230401	115725300	3494900	0/1
12	115725501	118191600	2466100	0/1
12	118191801	120328800	2137000	0/1
12	120329001	121964500	1635500	0/1
12	121965301	122530500	565200	0/1
12	122581001	123928000	1347000	0/1
12	123928301	124233200	304900	0/1
12	124233401	126783600	2550200	0/1
12	126789201	129878400	3089200	0/1
12	129879301	131360900	1481600	0/1
12	131362801	131781900	419100	0/1
12	131786801	132706500	919700	0/1
12	132807501	133502400	694900	0/1
12	133682401	133841500	159100	0/1
14	58939401	58942600	3200	0/1
15	41772801	41775700	2900	0/1
15	53859401	53860300	900	1/1
17	5641801	5643200	1400	0/1
17	11367201	11369500	2300	0/1
17	18118301	18120600	2300	0/1
17	62532701	62535200	2500	0/1
19	18044501	18047700	3200	0/1
19	50567001	50569400	2400	0/1
20	15087401	15089900	2500	0/1
20	38399901	38401000	1100	0/1
X	60401	94400	34000	1/1
X	145101	231300	86200	1/1
X	281801	1047500	765700	1/1
X	1097601	1134100	36500	1/1
X	1184101	1264200	80100	1/1
X	1314701	2068200	753500	1/1
X	2118801	2699500	580700	1/1
X	125900301	128182600	2282300	0/1
X	128183701	128301300	117600	0/1
X	128301501	129652000	1350500	0/1
X	129655201	137144500	7489300	0/1
X	137147201	139041100	1893900	0/1
X	139041301	141757400	2716100	0/1
X	154933001	155260500	327500	1/1
