1	3082624	99820588	96737964	1/1
1	21778490	21779480	990	0/1
1	39866181	39866687	506	0/1
1	62524023	62525791	1768	0/1
1	153974957	153975489	532	0/1
1	155739269	155740090	821	0/1
1	166649078	232538644	65889566	0/1
1	184187456	184188098	642	0/1
1	187176117	220732671	33556554	0/1
1	240080246	240080893	647	0/1
2	28699619	78067502	49367883	0/1
2	42301905	42302837	932	0/1
2	82880289	86870249	3989960	1/1
2	103234295	103234545	250	0/1
2	110312520	118891454	8578934	0/1
2	124560728	224198939	99638211	0/1
2	217979661	217981506	1845	0/1
3	8160558	77762542	69601984	1/1
3	40219416	58401846	18182430	0/1
3	46605225	46606648	1423	0/1
3	59730871	59731418	547	0/1
3	60950618	60951832	1214	0/1
3	103482560	103483510	950	0/1
3	119764196	169012637	49248441	0/1
3	135880559	135881794	1235	0/1
3	142365883	142367224	1341	0/1
3	193526871	193527634	763	0/1
4	7575040	17637948	10062908	0/1
4	10529134	10529851	717	0/1
4	16537787	42308557	25770770	0/1
4	31863345	31865717	2372	0/1
4	42307606	42308416	810	0/1
4	64920394	135899254	70978860	1/1
4	88228995	125375998	37147003	0/1
5	16822070	16822549	479	0/1
5	17065488	34018430	16952942	0/1
5	21413173	33158903	11745730	0/1
5	26720854	43124318	16403464	1/1
5	31443611	38988825	7545214	1/1
5	76580352	76580823	471	0/1
5	78733171	150150858	71417687	0/1
5	89917571	89918163	592	0/1
5	92250605	160441270	68190665	1/1
5	124396427	124397108	681	0/1
6	5990541	46586134	40595593	0/1
6	10830895	14367701	3536806	1/1
6	24865282	50201864	25336582	1/1
6	28099765	56652969	28553204	0/1
6	29758700	29759526	826	0/1
6	29765992	29922291	156299	0/1
6	32480508	32542911	62403	0/1
6	32481154	32543070	61916	1/1
6	34722689	45022807	10300118	1/1
6	65793756	65794395	639	0/1
6	90182545	90183478	933	0/1
6	124546665	131323261	6776596	0/1
7	13136359	43275353	30138994	0/1
7	21113596	21114222	626	0/1
7	21774821	21775809	988	0/1
7	42405102	46658624	4253522	0/1
7	44737625	45924030	1186405	0/1
7	67908920	140662985	72754065	1/1
7	69695876	145989132	76293256	1/1
7	94162820	132934133	38771313	0/1
7	144462686	144463533	847	0/1
7	148200861	148202443	1582	0/1
8	3509664	10941632	7431968	0/1
8	4482237	5589041	1106804	1/1
8	11788337	11893342	105005	0/1
8	15871778	15872701	923	0/1
8	17717101	17717941	840	0/1
8	27277080	38661541	11384461	0/1
8	53978168	89142656	35164488	0/1
8	65444724	65445787	1063	0/1
8	72263965	99720302	27456337	0/1
8	82460158	95548408	13088250	0/1
8	119518707	124176624	4657917	0/1
9	593358	594213	855	0/1
9	29277902	29279648	1746	0/1
9	32506763	32508675	1912	0/1
9	34959210	34960171	961	0/1
9	76178834	88302579	12123745	0/1
9	77292489	77293228	739	0/1
9	88334384	138762620	50428236	0/1
9	96188841	100506287	4317446	0/1
9	104031021	104031862	841	0/1
9	113826406	125296874	11470468	0/1
9	122236147	137434015	15197868	0/1
10	154786	23760698	23605912	0/1
10	1026636	1027177	541	0/1
10	1662213	25509268	23847055	0/1
10	2215065	24403172	22188107	1/1
10	5411806	9233533	3821727	1/1
10	8776210	8776793	583	0/1
10	9684481	25307696	15623215	0/1
10	9891428	9891967	539	0/1
10	26727736	26728848	1112	0/1
10	30682552	38236515	7553963	0/1
10	44755153	44755687	534	0/1
10	48509734	48511220	1486	0/1
10	49600906	93450291	43849385	0/1
10	52862872	114695668	61832796	0/1
10	54799503	54800330	827	0/1
10	100264818	100266793	1975	0/1
10	106698242	106698904	662	0/1
10	114671231	114671850	619	0/1
10	120482888	126087212	5604324	0/1
10	128047491	128048733	1242	0/1
11	2372953	24727127	22354174	0/1
11	6490024	22707579	16217555	0/1
11	13761986	45468356	31706370	0/1
11	15143620	15143966	346	0/1
11	23723466	35753113	12029647	1/1
11	31676092	31677585	1493	0/1
11	50236118	50236289	171	0/1
11	76224447	91592980	15368533	0/1
11	103458139	103459034	895	0/1
11	110055922	110056906	984	0/1
12	3505389	3507413	2024	0/1
12	9927336	31334163	21406827	1/1
12	14192378	14194405	2027	0/1
12	17040370	22159251	5118881	0/1
12	51437111	51438110	999	0/1
12	76183293	76183939	646	0/1
12	92328134	92328680	546	0/1
12	111996392	111997328	936	0/1
12	128625131	128626110	979	0/1
13	19777635	20278680	501045	0/1
13	38279990	65139561	26859571	1/1
13	59449255	109308732	49859477	0/1
13	61559771	61560242	471	0/1
13	99611372	99611909	537	0/1
14	27209873	27210811	938	0/1
14	58940611	58942600	1989	0/1
14	105064750	105065297	547	0/1
14	105744452	105745357	905	0/1
14	106347776	106376398	28622	1/1
15	46632263	46632886	623	0/1
15	53859452	53860299	847	0/1
15	69024496	73462914	4438418	1/1
15	80116046	80116895	849	0/1
16	7709382	26085304	18375922	0/1
16	25940525	25941407	882	0/1
16	47036974	47037968	994	0/1
16	49520159	49520808	649	0/1
17	8540101	8540946	845	0/1
17	16838771	16840130	1359	0/1
17	18118311	18120565	2254	0/1
17	29242851	29244100	1249	0/1
17	30401949	30402276	327	0/1
17	41175474	56263625	15088151	1/1
17	54305731	72339143	18033412	0/1
17	61796933	73908199	12111266	1/1
17	62532713	62535152	2439	0/1
17	72352452	72353348	896	0/1
18	819718	820391	673	0/1
18	1620668	1621545	877	0/1
18	2429546	11256414	8826868	0/1
18	3216265	9553559	6337294	1/1
18	5270460	12109959	6839499	0/1
18	8469741	10786703	2316962	1/1
18	10274888	11885986	1611098	0/1
18	12262358	12262911	553	0/1
18	12493866	13164585	670719	1/1
18	40516522	40517866	1344	0/1
18	51161100	65076124	13915024	0/1
18	54719946	64914997	10195051	0/1
19	5556709	22064855	16508146	1/1
19	7463260	7463843	583	0/1
19	12944682	17417406	4472724	1/1
19	15274999	22143968	6868969	1/1
19	18045270	18047718	2448	0/1
19	19286139	19288028	1889	0/1
19	23445820	23446696	876	0/1
19	24056065	24150995	94930	0/1
19	27944209	27944720	511	0/1
19	36979730	39539191	2559461	1/1
19	50566990	50569408	2418	0/1
19	53323088	53359108	36020	0/1
19	55704358	57475205	1770847	0/1
20	2979924	8091363	5111439	0/1
20	13664476	20931334	7266858	1/1
20	15640072	16239477	599405	0/1
20	21518467	25427380	3908913	1/1
20	24504046	24801299	297253	1/1
20	30826016	30826653	637	0/1
20	36437732	36438580	848	0/1
20	38399837	38400989	1152	0/1
21	16232857	47309205	31076348	0/1
21	25566301	25567559	1258	0/1
21	41462561	47340619	5878058	0/1
21	43563379	43564196	817	0/1
22	20964864	25641176	4676312	1/1
22	23029724	23090110	60386	0/1
22	26943365	26944239	874	0/1
22	32196418	32197297	879	0/1
22	32469426	42500133	10030707	0/1
22	39704749	39722910	18161	1/1
22	40669580	40812927	143347	0/1
22	46134961	46135500	539	0/1
X	11595016	11597479	2463	0/1
X	13369811	44870836	31501025	1/1
X	19178702	56987774	37809072	1/1
X	24456906	50423697	25966791	1/1
X	25958859	25959535	676	0/1
X	103381751	112600851	9219100	0/1
Y	13945199	19350307	5405108	1/1
Y	16611776	16612355	579	0/1
