1	5445723	5446020	297	0/1
1	21778489	21779482	993	1/1
1	39866180	39866687	507	1/1
1	51937782	51937972	190	0/1
1	55677545	55677782	237	1/1
1	62524022	62525792	1770	0/1
1	3082623	99820588	96737965	1/1
1	153974956	153975489	533	1/1
1	155739268	155740090	822	1/1
1	172620476	172620606	130	0/1
1	184187455	184188098	643	1/1
1	213376691	213376947	256	1/1
1	187176116	220732671	33556555	1/1
1	232156858	232157048	190	0/1
1	166649077	232538646	65889569	1/1
1	237042879	237043055	176	1/1
1	240080245	240080895	650	1/1
1	246085419	246085569	150	1/1
2	2637217	2637395	178	1/1
2	3516928	3517043	115	1/1
2	21218451	21218578	127	1/1
2	42301904	42302837	933	1/1
2	63411333	63411797	464	1/1
2	64567642	64567930	288	1/1
2	66568284	66568628	344	0/1
2	28699618	78067502	49367884	1/1
2	82880288	86870253	3989965	1/1
2	92060133	92060851	718	1/1
2	103234293	103234545	252	1/1
2	110312519	118891454	8578935	1/1
2	145330949	145331357	408	1/1
2	167086296	167086571	275	0/1
2	171954825	171954983	158	0/1
2	212777801	212778064	263	0/1
2	217979660	217981506	1846	1/1
2	221091392	221091655	263	1/1
2	124560717	224198940	99638223	1/1
3	5204156	5204312	156	0/1
3	8614865	8615074	209	1/1
3	46021000	46021265	265	0/1
3	46605224	46606650	1426	0/1
3	40219415	58401846	18182431	1/1
3	59730870	59731418	548	1/1
3	60950639	60951831	1192	0/1
3	61811892	61812002	110	1/1
3	72968868	72969168	300	0/1
3	8160557	77762542	69601985	1/1
3	85145909	85146078	169	0/1
3	87353940	87354099	159	1/1
3	103482559	103483511	952	0/1
3	116839253	116839493	240	1/1
3	193526870	193527634	764	1/1
3	133933600	133933753	153	0/1
3	135880558	135881794	1236	0/1
3	142365884	142367224	1340	1/1
3	161408777	161409015	238	1/1
3	119764195	169012637	49248442	1/1
4	10529133	10529850	717	0/1
4	7575039	17637948	10062909	1/1
4	31725319	31725445	126	0/1
4	31863344	31865717	2373	0/1
4	42307605	42308415	810	1/1
4	16537548	42308556	25771008	1/1
4	100982906	100983011	105	0/1
4	88228994	125376320	37147326	0/1
4	64920393	135899254	70978861	1/1
5	16822069	16822550	481	1/1
5	21413172	33158903	11745731	1/1
5	17065487	34018431	16952944	1/1
5	31443610	38988826	7545216	1/1
5	26720853	43124319	16403466	1/1
5	72937607	72937881	274	1/1
5	76580351	76580823	472	0/1
5	89187352	89187469	117	1/1
5	89917570	89918164	594	1/1
5	124396426	124397109	683	0/1
5	126582649	126582889	240	1/1
5	148063422	148063528	106	0/1
5	78733170	150150859	71417689	1/1
5	92250604	160441270	68190666	1/1
5	175984646	175984784	138	0/1
6	3211899	3212068	169	1/1
6	3873136	3873244	108	1/1
6	9937900	9938269	369	1/1
6	10830894	14367703	3536809	1/1
6	14881871	14882107	236	1/1
6	29758699	29759526	827	0/1
6	29765797	29922289	156492	1/1
6	32480979	32543060	62081	0/1
6	42577517	42577794	277	1/1
6	34722688	45022807	10300119	1/1
6	5990541	46586412	40595871	1/1
6	24865281	50201864	25336583	1/1
6	55388382	55388496	114	1/1
6	28099764	56652973	28553209	1/1
6	65793755	65794396	641	1/1
6	90182544	90183479	935	1/1
6	124546664	131323261	6776597	1/1
6	134708405	134708612	207	0/1
6	144671359	144671466	107	1/1
6	146827486	146827764	278	0/1
6	161082114	161082314	200	0/1
6	165879567	165879820	253	0/1
7	8784395	8784524	129	0/1
7	21113595	21114223	628	0/1
7	21774820	21775809	989	0/1
7	30349474	30349733	259	1/1
7	13136358	43275353	30138995	1/1
7	44737624	45924030	1186406	1/1
7	42405101	46658624	4253523	1/1
7	87750665	87750899	234	1/1
7	94162819	132934134	38771315	1/1
7	67908786	140662983	72754197	1/1
7	144462685	144463533	848	0/1
7	69695875	145989132	76293257	1/1
7	148200860	148202443	1583	0/1
8	3703126	3703301	175	1/1
8	4482236	5589043	1106807	1/1
8	3509663	10941634	7431971	1/1
8	11456446	11456678	232	1/1
8	11788254	11893339	105085	1/1
8	15453888	15454197	309	0/1
8	15871777	15872702	925	1/1
8	16260384	16260500	116	0/1
8	17717100	17717935	835	1/1
8	24585851	24585994	143	1/1
8	28716696	28716935	239	1/1
8	33402404	33402674	270	0/1
8	27277079	38661541	11384462	1/1
8	65444723	65445787	1064	0/1
8	53978167	89142656	35164489	1/1
8	91283129	91283421	292	0/1
8	94734149	94734283	134	0/1
8	82460157	95548408	13088251	1/1
8	96014025	96014321	296	0/1
8	72263964	99720302	27456338	1/1
8	119518706	124176624	4657918	1/1
9	593357	594215	858	1/1
9	5388631	5388848	217	1/1
9	29277901	29279652	1751	1/1
9	32506762	32508677	1915	1/1
9	33056757	33057056	299	1/1
9	34959209	34960173	964	1/1
9	77292488	77293228	740	1/1
9	76178652	88302577	12123925	1/1
9	90395291	90395481	190	0/1
9	97492102	97492272	170	0/1
9	96188840	100506288	4317448	1/1
9	104031020	104031862	842	1/1
9	113826405	125296876	11470471	1/1
9	122236146	137434015	15197869	1/1
9	88334381	138762621	50428240	1/1
10	1026635	1027177	542	1/1
10	8776209	8776794	585	1/1
10	5411805	9233534	3821729	1/1
10	9891427	9891970	543	0/1
10	22569721	22569973	252	0/1
10	154786	23760699	23605913	1/1
10	2215064	24403173	22188109	1/1
10	9684480	25307697	15623217	1/1
10	1662212	25509269	23847057	1/1
10	26727735	26728848	1113	1/1
10	35791617	35791849	232	1/1
10	30682551	38236784	7554233	1/1
10	44755152	44755687	535	1/1
10	44874788	44874978	190	1/1
10	48509733	48511220	1487	1/1
10	54799502	54800330	828	1/1
10	79201625	79201905	280	0/1
10	80987386	80987638	252	1/1
10	49600905	93450291	43849386	1/1
10	100264817	100266795	1978	0/1
10	106698241	106698904	663	1/1
10	114671230	114671855	625	0/1
10	52862871	114695668	61832797	1/1
10	121682098	121682333	235	1/1
10	121705007	121705148	141	0/1
10	128047490	128048734	1244	0/1
10	133343965	133344136	171	1/1
11	5614461	5614646	185	1/1
11	12435848	12436086	238	1/1
11	12764294	12764751	457	1/1
11	15143495	15143965	470	1/1
11	6490023	22707581	16217558	1/1
11	2372952	24727127	22354175	1/1
11	31676091	31677585	1494	0/1
11	23723465	35753113	12029648	1/1
11	13761985	45468356	31706371	1/1
11	50236117	50236289	172	1/1
11	76224446	91592982	15368536	1/1
11	93854051	93854229	178	1/1
11	101170264	101170448	184	1/1
11	103458138	103459034	896	1/1
11	110055921	110056906	985	1/1
11	113354464	113354604	140	1/1
11	132040888	132041112	224	1/1
12	4448521	4448787	266	1/1
12	7922331	7922539	208	1/1
12	12925638	12925925	287	1/1
12	14192345	14194378	2033	1/1
12	18883173	18883429	256	0/1
12	17040127	22159249	5119122	0/1
12	22201490	22201900	410	0/1
12	23970123	23970529	406	0/1
12	24868184	24868363	179	1/1
12	9927158	31333998	21406840	1/1
12	50612685	50612984	299	0/1
12	51437096	51438085	989	0/1
12	69795875	69796284	409	0/1
12	76183292	76183939	647	0/1
12	92328133	92328681	548	1/1
12	111996391	111997328	937	1/1
12	128625130	128626111	981	1/1
13	19777348	20278678	501330	0/1
13	26540255	26540552	297	0/1
13	28492531	28492823	292	1/1
13	32431509	32431754	245	0/1
13	40169456	40169739	283	1/1
13	61559770	61560245	475	0/1
13	62539290	62539503	213	1/1
13	38279989	65139563	26859574	1/1
13	90500192	90500464	272	0/1
13	95588542	95588757	215	1/1
13	99611371	99611909	538	1/1
13	59449254	109308732	49859478	1/1
14	27209872	27210811	939	1/1
14	32413364	32413518	154	1/1
14	38582158	38582324	166	1/1
14	43518977	43519253	276	0/1
14	43648491	43648648	157	0/1
14	55838800	55839245	445	1/1
14	58940610	58942602	1992	0/1
14	105064749	105065298	549	1/1
14	105744451	105745358	907	1/1
14	106347482	106376396	28914	0/1
15	38352821	38352947	126	0/1
15	46632262	46632886	624	1/1
15	53859451	53860299	848	1/1
15	65948881	65949244	363	0/1
15	69024495	73462915	4438420	1/1
15	80116045	80116897	852	1/1
15	95250868	95251001	133	1/1
15	99104444	99104679	235	0/1
16	25940522	25941408	886	1/1
16	7709381	26085305	18375924	1/1
16	27623298	27623630	332	0/1
16	47036973	47037969	996	1/1
16	49520158	49520808	650	1/1
16	54448087	54448244	157	1/1
16	60547624	60548052	428	1/1
17	2438918	2439053	135	0/1
17	7907175	7907329	154	1/1
17	8540085	8540946	861	0/1
17	8849447	8849737	290	1/1
17	18118310	18120565	2255	1/1
17	16838770	16840132	1362	0/1
17	29194361	29194463	102	0/1
17	29242850	29244101	1251	0/1
17	30401741	30402274	533	0/1
17	52048408	52935379	886971	0/1
17	54677578	54677739	161	0/1
17	41175473	56263625	15088152	1/1
17	62532712	62535152	2440	0/1
17	61796995	73908198	12111203	1/1
17	54305730	72339143	18033413	1/1
17	72352451	72353349	898	1/1
18	819717	820391	674	1/1
18	1620667	1621546	879	1/1
18	2232449	2232568	119	1/1
18	6788001	6788145	144	1/1
18	3216264	9553560	6337296	1/1
18	8469740	10786704	2316964	1/1
18	2429545	11256414	8826869	1/1
18	10274887	11885986	1611099	1/1
18	5270459	12109963	6839504	1/1
18	12262357	12262911	554	0/1
18	12665826	12666098	272	1/1
18	12493865	13164586	670721	1/1
18	5730114	14435549	8705435	1/1
18	27569823	27570073	250	0/1
18	31276994	31277130	136	0/1
18	40516521	40517868	1347	1/1
18	60950489	60950783	294	0/1
18	54719945	64914997	10195052	1/1
18	51161099	65076124	13915025	1/1
19	7463259	7463843	584	1/1
19	9751576	9751811	235	0/1
19	12944681	17417406	4472725	1/1
19	18045269	18047717	2448	0/1
19	19286138	19288029	1891	0/1
19	21505490	21505640	150	1/1
19	21947438	21947591	153	1/1
19	5556708	22064855	16508147	1/1
19	15274998	22143968	6868970	1/1
19	23445819	23446697	878	1/1
19	23523117	23523291	174	1/1
19	24055929	24150994	95065	0/1
19	27944161	27944731	570	1/1
19	31394394	31394604	210	1/1
19	36723223	36723420	197	1/1
19	36979729	39539193	2559464	1/1
19	42611548	42611745	197	0/1
19	50566989	50569408	2419	1/1
19	55704363	57475204	1770841	1/1
20	2322713	2322863	150	0/1
20	2979923	8091366	5111443	1/1
20	9911578	9911709	131	1/1
20	15640071	16239479	599408	1/1
20	19705124	19705303	179	0/1
20	13664475	20931334	7266859	1/1
20	24590208	24590379	171	1/1
20	24504045	24801299	297254	1/1
20	21518466	25427380	3908914	1/1
20	30826015	30826656	641	1/1
20	33435550	33435786	236	1/1
20	36437731	36438581	850	1/1
20	38399836	38400990	1154	1/1
20	48824233	48824409	176	1/1
20	48934370	48934499	129	1/1
20	55987904	55988043	139	1/1
20	58369725	58369886	161	1/1
21	10807893	10808039	146	1/1
21	17624616	17624738	122	0/1
21	25566300	25567560	1260	0/1
21	43563378	43564196	818	1/1
21	16232856	47309206	31076350	1/1
21	41462560	47340620	5878060	1/1
22	19319367	19319778	411	1/1
22	20964863	25641176	4676313	1/1
22	26632860	26633116	256	1/1
22	26943364	26944240	876	1/1
22	32469425	42500133	10030708	1/1
22	32196417	32197298	881	0/1
22	35147124	35147455	331	1/1
22	38044166	38044431	265	0/1
22	39704748	39722910	18162	1/1
22	40508180	40508450	270	1/1
22	40669579	40812927	143348	1/1
22	42311615	42311872	257	0/1
22	45063285	45063644	359	0/1
22	46134960	46135501	541	0/1
X	678746	678905	159	0/1
X	974847	974984	137	0/1
X	11595015	11597479	2464	1/1
X	23437793	23437986	193	0/1
X	25958858	25959535	677	0/1
X	33247034	33247214	180	0/1
X	23949950	33545457	9595507	1/1
X	40569849	40570050	201	1/1
X	42815718	42815881	163	1/1
X	13369810	44870836	31501026	1/1
X	24456905	50423697	25966792	1/1
X	19178701	56987774	37809073	1/1
X	69399451	69399695	244	0/1
X	76531992	76532445	453	0/1
X	87261865	87262098	233	1/1
X	103381750	112600852	9219102	1/1
X	62134315	150006527	87872212	0/1
X	153588214	153588428	214	1/1
Y	2718645	2718863	218	1/1
Y	2739045	2739427	382	0/1
Y	7675427	7675541	114	1/1
Y	8822949	8823119	170	1/1
Y	16611775	16612355	580	1/1
Y	13945198	19350307	5405109	1/1
