1	16052259	16052341	82	0/1
1	21778489	21779480	991	0/1
1	39866180	39866687	507	0/1
1	51937782	51937971	189	0/1
1	55677545	55677782	237	0/1
1	62524022	62525791	1769	0/1
1	82185603	82185703	100	0/1
1	153974956	153975489	533	0/1
1	155739268	155740090	822	0/1
1	172620476	172620606	130	0/1
1	184187455	184188098	643	0/1
1	213376691	213376947	256	0/1
1	237042879	237043055	176	0/1
1	240080245	240080893	648	0/1
1	246085419	246085569	150	0/1
1	248163352	248163430	78	0/1
2	2637217	2637394	177	0/1
2	3516928	3517043	115	0/1
2	21218451	21218578	127	0/1
2	28699618	78067502	49367884	0/1
2	42301903	42302846	943	0/1
2	63411333	63411797	464	0/1
2	64567642	64567929	287	0/1
2	92060304	92061015	711	0/1
2	103234294	103234545	251	0/1
2	110312519	118891454	8578935	0/1
2	124560727	224198939	99638212	0/1
2	145330949	145331357	408	0/1
2	167086296	167086570	274	0/1
2	171954825	171954982	157	0/1
2	212777801	212778064	263	0/1
2	217979660	217981506	1846	0/1
2	221091392	221091655	263	0/1
3	5204156	5204312	156	0/1
3	8614865	8615072	207	0/1
3	40219415	58401846	18182431	0/1
3	46021000	46021264	264	0/1
3	46605220	46606668	1448	0/1
3	59730870	59731418	548	0/1
3	60950617	60951832	1215	0/1
3	72968868	72969167	299	0/1
3	85145909	85146074	165	0/1
3	87353940	87354097	157	0/1
3	103482559	103483510	951	0/1
3	116839253	116839493	240	0/1
3	119764195	169012637	49248442	0/1
3	133933600	133933753	153	0/1
3	135880543	135881811	1268	0/1
3	142365884	142367224	1340	0/1
3	161408777	161409015	238	0/1
3	193526870	193527634	764	0/1
4	7575039	17637948	10062909	0/1
4	10529133	10529850	717	0/1
4	31725319	31725444	125	0/1
4	31863344	31865717	2373	0/1
4	42307605	42308413	808	0/1
4	100982906	100983011	105	0/1
4	125540710	125540807	97	0/1
5	16822069	16822549	480	0/1
5	45948186	45948276	90	0/1
5	72937607	72937880	273	0/1
5	89187352	89187468	116	0/1
5	89917570	89918163	593	0/1
5	124396426	124397108	682	0/1
5	126582649	126582889	240	0/1
5	148063422	148063528	106	0/1
5	175984646	175984782	136	0/1
6	3211899	3212068	169	0/1
6	3873136	3873244	108	0/1
6	9937900	9938267	367	0/1
6	14881871	14882107	236	0/1
6	29758699	29759526	827	0/1
6	42577517	42577793	276	0/1
6	55388382	55388496	114	0/1
6	65793755	65794395	640	0/1
6	90182544	90183478	934	0/1
6	124546664	131323261	6776597	0/1
6	144671359	144671466	107	0/1
6	146827486	146827764	278	0/1
6	165879567	165879819	252	0/1
7	3039399	3039493	94	0/1
7	8784395	8784524	129	0/1
7	13136358	43275353	30138995	0/1
7	21113573	21114218	645	0/1
7	21774820	21775809	989	0/1
7	30349474	30349732	258	0/1
7	42405101	46658624	4253523	0/1
7	44737624	45924030	1186406	0/1
7	87750665	87750899	234	0/1
7	129058009	129058181	172	0/1
7	144462685	144463533	848	0/1
7	148200860	148202443	1583	0/1
8	3703126	3703301	175	0/1
8	11456446	11456678	232	0/1
8	11788251	11893301	105050	0/1
8	15453888	15454197	309	0/1
8	15871777	15872701	924	0/1
8	16260384	16260500	116	0/1
8	17717100	17717940	840	0/1
8	24585851	24585992	141	0/1
8	27277079	38661541	11384462	0/1
8	28716696	28716933	237	0/1
8	33402404	33402674	270	0/1
8	64072203	64072515	312	0/1
8	65444723	65445787	1064	0/1
8	82460157	95548408	13088251	0/1
8	91283129	91283421	292	0/1
8	94734149	94734278	129	0/1
8	96014025	96014320	295	0/1
8	119518706	124176624	4657918	0/1
9	593357	594213	856	0/1
9	5388631	5388848	217	0/1
9	14806574	14806669	95	0/1
9	29277901	29279648	1747	0/1
9	32506762	32508675	1913	0/1
9	33056757	33057055	298	0/1
9	34959209	34960171	962	0/1
9	77292488	77293228	740	0/1
9	88334386	138762632	50428246	0/1
9	90395291	90395481	190	0/1
9	96188840	100506287	4317447	0/1
9	97492102	97492271	169	0/1
9	104031020	104031862	842	0/1
10	1026622	1027188	566	0/1
10	8776209	8776793	584	0/1
10	9891427	9891967	540	0/1
10	22569721	22569973	252	0/1
10	26727735	26728848	1113	0/1
10	35791617	35791849	232	0/1
10	44755152	44755687	535	0/1
10	44874788	44874978	190	0/1
10	48509733	48511220	1487	0/1
10	54799502	54800330	828	0/1
10	62701753	62701879	126	0/1
10	79201625	79201915	290	0/1
10	80987386	80987637	251	0/1
10	100264817	100266793	1976	0/1
10	106698241	106698904	663	0/1
10	114671230	114671850	620	0/1
10	121682098	121682333	235	0/1
10	121705007	121705147	140	0/1
10	128047490	128048733	1243	0/1
11	5614461	5614644	183	0/1
11	12435848	12436086	238	0/1
11	12764294	12764751	457	0/1
11	15143495	15143965	470	0/1
11	31676091	31677585	1494	0/1
11	33740970	33741087	117	0/1
11	50236117	50236289	172	0/1
11	76224446	91592980	15368534	0/1
11	93854051	93854223	172	0/1
11	101170264	101170447	183	0/1
11	103458138	103459034	896	0/1
11	107739702	107739833	131	0/1
11	110055921	110056906	985	0/1
11	132040888	132041111	223	0/1
12	4448521	4448786	265	0/1
12	7922331	7922539	208	0/1
12	12925638	12925924	286	0/1
12	14192377	14194405	2028	0/1
12	18883173	18883429	256	0/1
12	24868184	24868363	179	0/1
12	51437110	51438110	1000	0/1
12	76183292	76183939	647	0/1
12	92328133	92328680	547	0/1
12	98724177	98724277	100	0/1
12	111996391	111997328	937	0/1
12	112176851	112176930	79	0/1
12	125810554	125810623	69	0/1
12	128625130	128626110	980	0/1
13	26540255	26540552	297	0/1
13	28492531	28492823	292	0/1
13	32431509	32431754	245	0/1
13	40169456	40169738	282	0/1
13	61559770	61560242	472	0/1
13	62539290	62539500	210	0/1
13	95588542	95588757	215	0/1
13	99611371	99611909	538	0/1
14	27209872	27210811	939	0/1
14	32413364	32413518	154	0/1
14	38582158	38582324	166	0/1
14	43518977	43519251	274	0/1
14	58940610	58942600	1990	0/1
14	105064749	105065297	548	0/1
14	105744451	105745357	906	0/1
15	46632262	46632886	624	0/1
15	53859451	53860299	848	0/1
15	65948881	65949244	363	0/1
15	80116045	80116895	850	0/1
15	95250868	95250998	130	0/1
15	99104444	99104679	235	0/1
16	7709381	26085304	18375923	0/1
16	10456195	10456375	180	0/1
16	25940524	25941407	883	0/1
16	34813478	34813575	97	0/1
16	47009794	47009884	90	0/1
16	47036973	47037968	995	0/1
16	49520158	49520808	650	0/1
16	54448087	54448244	157	0/1
16	60547624	60548050	426	0/1
16	81534585	81534675	90	0/1
17	2438918	2439052	134	0/1
17	7907175	7907329	154	0/1
17	8540100	8540946	846	0/1
17	8849447	8849737	290	0/1
17	16242765	16242850	85	0/1
17	16838770	16840130	1360	0/1
17	18118306	18120576	2270	0/1
17	29194361	29194463	102	0/1
17	29242850	29244100	1250	0/1
17	62532712	62535152	2440	0/1
17	72352451	72353348	897	0/1
18	819717	820391	674	0/1
18	1620667	1621545	878	0/1
18	2232449	2232567	118	0/1
18	2537673	2537878	205	0/1
18	6788001	6788145	144	0/1
18	12262357	12262911	554	0/1
18	27569823	27570073	250	0/1
18	31276994	31277129	135	0/1
18	40516515	40517867	1352	0/1
18	60950489	60950783	294	0/1
19	5056293	5056463	170	0/1
19	7463259	7463843	584	0/1
19	9751576	9751811	235	0/1
19	15504666	15504820	154	0/1
19	18045269	18047718	2449	0/1
19	19286138	19288028	1890	0/1
19	21505490	21505637	147	0/1
19	21947438	21947591	153	0/1
19	23445819	23446696	877	0/1
19	23523117	23523291	174	0/1
19	24055990	24151063	95073	0/1
19	27944208	27944720	512	0/1
19	28469589	28469668	79	0/1
19	30307067	30307162	95	0/1
19	31394394	31394604	210	0/1
19	36723223	36723419	196	0/1
19	42611548	42611744	196	0/1
19	50566989	50569408	2419	0/1
19	55704357	57475205	1770848	0/1
20	750932	751034	102	0/1
20	2322713	2322863	150	0/1
20	2979923	8091363	5111440	0/1
20	9911578	9911708	130	0/1
20	11051399	11051495	96	0/1
20	15640071	16239477	599406	0/1
20	16827144	16827214	70	0/1
20	19705124	19705303	179	0/1
20	24590208	24590378	170	0/1
20	30826015	30826653	638	0/1
20	33435550	33435785	235	0/1
20	36437744	36438596	852	0/1
20	38399836	38400989	1153	0/1
20	48824233	48824409	176	0/1
20	48934370	48934498	128	0/1
20	55987904	55988041	137	0/1
20	58369725	58369886	161	0/1
21	10807893	10808037	144	0/1
21	16232856	47309205	31076349	0/1
21	17624616	17624736	120	0/1
21	25566300	25567559	1259	0/1
21	41462560	47340619	5878059	0/1
21	43563378	43564196	818	0/1
21	46620238	46620474	236	0/1
22	19319367	19319778	411	0/1
22	20964863	25641176	4676313	1/1
22	23029718	23090381	60663	0/1
22	26632860	26633115	255	0/1
22	26943364	26944239	875	0/1
22	32196397	32197287	890	0/1
22	32469430	42500158	10030728	0/1
22	35147124	35147455	331	0/1
22	38044166	38044431	265	0/1
22	40508180	40508450	270	0/1
22	40669579	40812927	143348	0/1
22	42311615	42311870	255	0/1
22	46134960	46135500	540	0/1
X	678746	678905	159	0/1
X	974847	974982	135	0/1
X	11595015	11597479	2464	0/1
X	23437793	23437982	189	0/1
X	25958858	25959535	677	0/1
X	40569849	40570049	200	0/1
X	42815718	42815880	162	0/1
X	69399451	69399693	242	0/1
X	87261865	87262096	231	0/1
X	103381750	112600851	9219101	0/1
X	125738522	125738617	95	0/1
X	153588214	153588427	213	0/1
Y	2718645	2718862	217	0/1
Y	8822949	8823116	167	0/1
Y	15444430	15444520	90	0/1
Y	16611775	16612355	580	0/1
