1	5445723	5446019	296	0/1
1	29467833	29470280	2447	0/1
1	39866180	39866687	507	0/1
1	51937782	51937971	189	0/1
1	55677545	55677782	237	0/1
1	82185603	82185703	100	0/1
1	89598997	89652072	53075	0/1
1	150716874	150716944	70	0/1
1	153974956	153975489	533	0/1
1	155739268	155740090	822	0/1
1	184187455	184188098	643	0/1
1	213376690	213376946	256	0/1
1	225133496	225248520	115024	0/1
1	232156858	232157048	190	0/1
1	237042879	237043055	176	0/1
1	240080245	240080893	648	0/1
1	240893053	240893378	325	0/1
1	245189018	245189271	253	0/1
1	246085419	246085569	150	0/1
1	248163351	248163429	78	0/1
2	2637217	2637394	177	0/1
2	3516928	3517043	115	0/1
2	21218450	21218577	127	0/1
2	31965954	31966443	489	0/1
2	63411331	63411795	464	0/1
2	63549374	63555345	5971	0/1
2	64567642	64567929	287	0/1
2	66568283	66568626	343	0/1
2	82880288	86870249	3989961	1/1
2	90483575	90483644	69	0/1
2	92060304	92061015	711	0/1
2	103234294	103234545	251	0/1
2	145330949	145331357	408	0/1
2	167086296	167086570	274	0/1
2	171954825	171954982	157	0/1
2	212777801	212778064	263	0/1
2	217979660	217981506	1846	0/1
2	221091391	221091654	263	0/1
3	5204156	5204312	156	0/1
3	8614865	8615072	207	0/1
3	46021000	46021264	264	0/1
3	52058468	52058716	248	0/1
3	59730870	59731418	548	0/1
3	61811891	61812001	110	0/1
3	72968867	72969166	299	0/1
3	85145909	85146074	165	0/1
3	87353940	87354097	157	0/1
3	116839253	116839493	240	0/1
3	133933600	133933753	153	0/1
3	135880558	135881794	1236	0/1
3	161408777	161409015	238	0/1
3	193526870	193527634	764	0/1
4	9151278	9690335	539057	0/1
4	9596022	9596301	279	0/1
4	31725319	31725444	125	0/1
4	31863344	31865717	2373	0/1
4	42307604	42308412	808	0/1
4	86617367	86617499	132	0/1
4	100982906	100983011	105	0/1
4	105435094	105435595	501	0/1
4	125540710	125540807	97	0/1
4	157977463	157977555	92	0/1
5	16822069	16822549	480	0/1
5	23141135	23141363	228	0/1
5	45948186	45948276	90	0/1
5	72937607	72937880	273	0/1
5	89187351	89187467	116	0/1
5	89917570	89918163	593	0/1
5	100343930	100344203	273	0/1
5	107909032	107909091	59	0/1
5	126582648	126582888	240	0/1
5	127259165	128080955	821790	0/1
5	127259226	128081016	821790	0/1
5	132961450	132961514	64	0/1
5	148063420	148063526	106	0/1
5	170282369	170282659	290	0/1
5	175984646	175984782	136	0/1
6	3211898	3212067	169	0/1
6	3873136	3873244	108	0/1
6	9937900	9938267	367	0/1
6	10830894	14367701	3536807	1/1
6	14881870	14882106	236	0/1
6	29765832	29922293	156461	0/1
6	29765958	29922419	156461	0/1
6	31296633	31305159	8526	0/1
6	31296705	31305232	8527	0/1
6	32478677	32516349	37672	0/1
6	32485928	32521249	35321	0/1
6	32486217	32521536	35319	0/1
6	32490549	32526566	36017	0/1
6	32490643	32526660	36017	0/1
6	32490721	32526737	36016	0/1
6	32490761	32526777	36016	0/1
6	32491084	32527099	36015	0/1
6	32526316	32552501	26185	0/1
6	42577516	42577792	276	0/1
6	55388382	55388496	114	0/1
6	65793754	65794394	640	0/1
6	90182543	90183477	934	0/1
6	134708405	134708611	206	0/1
6	144671359	144671466	107	0/1
6	146827486	146827764	278	0/1
6	161082114	161082314	200	0/1
6	165879565	165879817	252	0/1
7	21113595	21114222	627	0/1
7	30349474	30349732	258	0/1
7	63610547	63904695	294148	0/1
7	87750663	87750897	234	0/1
7	129058008	129058180	172	0/1
7	151918300	151918493	193	0/1
8	3703126	3703301	175	0/1
8	4482236	5589041	1106805	1/1
8	11456446	11456678	232	0/1
8	11787443	11892492	105049	0/1
8	11787735	11892784	105049	0/1
8	11787878	11892928	105050	0/1
8	11787949	11892999	105050	0/1
8	15453888	15454197	309	0/1
8	15871776	15872700	924	0/1
8	16260384	16260500	116	0/1
8	17717100	17717940	840	0/1
8	24585851	24585992	141	0/1
8	28716695	28716932	237	0/1
8	33402403	33402673	270	0/1
8	64072202	64072514	312	0/1
8	65444723	65445787	1064	0/1
8	91283129	91283421	292	0/1
8	96014025	96014320	295	0/1
9	593355	594211	856	0/1
9	5388631	5388848	217	0/1
9	32506762	32508675	1913	0/1
9	33056757	33057055	298	0/1
9	34959209	34960171	962	0/1
9	77292488	77293228	740	0/1
9	90395290	90395480	190	0/1
9	104031019	104031861	842	0/1
10	2543817	2543880	63	0/1
10	5411805	9233533	3821728	1/1
10	8776209	8776793	584	0/1
10	9891426	9891966	540	0/1
10	22569721	22569973	252	0/1
10	26727735	26728848	1113	0/1
10	35791617	35791849	232	0/1
10	44755151	44755686	535	0/1
10	44874788	44874978	190	0/1
10	48509732	48511219	1487	0/1
10	54799502	54800330	828	0/1
10	79201625	79201895	270	0/1
10	79201625	79201915	290	0/1
10	80987386	80987637	251	0/1
10	106698241	106698904	663	0/1
10	121682098	121682333	235	0/1
10	121705006	121705146	140	0/1
10	133343965	133344136	171	0/1
11	5614461	5614644	183	0/1
11	12435848	12436086	238	0/1
11	12764294	12764751	457	0/1
11	15143495	15143965	470	0/1
11	32909636	32909792	156	0/1
11	33740970	33741087	117	0/1
11	35784086	35784155	69	0/1
11	50236116	50236288	172	0/1
11	93854050	93854222	172	0/1
11	101170264	101170447	183	0/1
11	103458138	103459034	896	0/1
11	107739701	107739832	131	0/1
11	110055921	110056906	985	0/1
11	113354463	113354603	140	0/1
11	132040888	132041111	223	0/1
12	4448521	4448786	265	0/1
12	7922331	7922539	208	0/1
12	12925638	12925924	286	0/1
12	14192377	14194405	2028	0/1
12	18883173	18883429	256	0/1
12	24868184	24868363	179	0/1
12	42379502	42379748	246	0/1
12	92328133	92328680	547	0/1
12	98724177	98724277	100	0/1
12	111996389	111997326	937	0/1
12	112176851	112176930	79	0/1
12	124842309	124842382	73	0/1
12	125810554	125810623	69	0/1
12	128625129	128626109	980	0/1
13	26540254	26540551	297	0/1
13	28492530	28492822	292	0/1
13	32431509	32431754	245	0/1
13	33301486	33301527	41	0/1
13	38279989	65139561	26859572	1/1
13	40169455	40169737	282	0/1
13	61559770	61560242	472	0/1
13	62539290	62539500	210	0/1
13	90500192	90500464	272	0/1
13	95588542	95588757	215	0/1
13	99611371	99611909	538	0/1
14	27209870	27210809	939	0/1
14	32413364	32413518	154	0/1
14	38582158	38582324	166	0/1
14	43518976	43519250	274	0/1
14	43648491	43648648	157	0/1
14	47381726	47381986	260	0/1
14	55838799	55839241	442	0/1
14	58940610	58942600	1990	0/1
14	105064749	105065297	548	0/1
14	105744451	105745357	906	0/1
14	106078219	106222808	144589	0/1
14	106078717	106223308	144591	0/1
14	106347773	106376642	28869	1/1
15	24672267	24722799	50532	0/1
15	38352820	38352946	126	0/1
15	46632262	46632886	624	0/1
15	53859451	53860299	848	0/1
15	65948881	65949244	363	0/1
15	72954700	72955060	360	0/1
15	80116045	80116895	850	0/1
15	95250867	95250997	130	0/1
15	99104443	99104678	235	0/1
16	10456193	10456373	180	0/1
16	25066114	25137259	71145	0/1
16	25940524	25941407	883	0/1
16	27623297	27623629	332	0/1
16	29198253	88186582	58988329	0/1
16	47009794	47009884	90	0/1
16	47036973	47037968	995	0/1
16	49520158	49520808	650	0/1
16	54448086	54448243	157	0/1
16	60547624	60548050	426	0/1
16	81534584	81534674	90	0/1
17	2438918	2439052	134	0/1
17	7907175	7907329	154	0/1
17	8849447	8849737	290	0/1
17	16242765	16242850	85	0/1
17	29194359	29194461	102	0/1
17	43586695	43586991	296	0/1
17	47045167	47045468	301	0/1
17	62532712	62535152	2440	0/1
17	71209002	71209223	221	0/1
17	71314958	71315046	88	0/1
17	72352451	72353348	897	0/1
18	819717	820391	674	0/1
18	1620667	1621545	878	0/1
18	2232449	2232567	118	0/1
18	2537672	2537877	205	0/1
18	4437822	4437993	171	0/1
18	6788001	6788145	144	0/1
18	10223858	10224135	277	0/1
18	10274887	11885986	1611099	0/1
18	12262357	12262911	554	0/1
18	12493865	13164585	670720	1/1
18	12665826	12666095	269	0/1
18	27569822	27570072	250	0/1
18	31276993	31277128	135	0/1
18	60950489	60950783	294	0/1
19	5056293	5056463	170	0/1
19	6091297	6091448	151	0/1
19	7463259	7463843	584	0/1
19	9751574	9751809	235	0/1
19	14505050	14505333	283	0/1
19	15504666	15504820	154	0/1
19	21505490	21505637	147	0/1
19	21947438	21947591	153	0/1
19	23445819	23446696	877	0/1
19	23523117	23523291	174	0/1
19	27944206	27944718	512	0/1
19	30307066	30307161	95	0/1
19	31394391	31394601	210	0/1
19	32938618	32938700	82	0/1
19	36723222	36723418	196	0/1
19	36979729	39539191	2559462	1/1
19	42611548	42611744	196	0/1
19	43730668	43792546	61878	0/1
19	50566988	50569407	2419	0/1
19	53322825	53359116	36291	0/1
19	53711023	53711164	141	0/1
19	53915777	53962022	46245	0/1
19	57936062	57936282	220	0/1
20	750931	751033	102	0/1
20	4331309	4331529	220	0/1
20	9911578	9911708	130	0/1
20	11051397	11051493	96	0/1
20	16827143	16827213	70	0/1
20	19705124	19705303	179	0/1
20	21518466	25427380	3908914	1/1
20	23757055	23838706	81651	0/1
20	24504044	24801298	297254	1/1
20	24590207	24590377	170	0/1
20	30826015	30826653	638	0/1
20	33435550	33435785	235	0/1
20	35384543	35384805	262	0/1
20	38399835	38400988	1153	0/1
20	48824232	48824408	176	0/1
20	48934370	48934498	128	0/1
20	55987899	55988036	137	0/1
20	58369725	58369886	161	0/1
21	10807893	10808037	144	0/1
21	25566300	25567559	1259	0/1
21	27388574	27388689	115	0/1
21	43563378	43564196	818	0/1
21	46620235	46620471	236	0/1
22	19319367	19319778	411	0/1
22	23029718	23090381	60663	0/1
22	25660776	25917815	257039	0/1
22	26632860	26633115	255	0/1
22	26943364	26944239	875	0/1
22	35147123	35147454	331	0/1
22	36088457	36094901	6444	0/1
22	36088532	36094983	6451	0/1
22	38044164	38044429	265	0/1
22	39704748	39722910	18162	1/1
22	40508180	40508450	270	0/1
22	40669579	40812927	143348	0/1
22	42311615	42311870	255	0/1
22	42523406	42537119	13713	0/1
22	45063285	45063643	358	0/1
22	46134960	46135500	540	0/1
X	678746	678905	159	0/1
X	974846	974981	135	0/1
X	11595014	11597478	2464	0/1
X	12557470	12557680	210	0/1
X	23437793	23437982	189	0/1
X	33247034	33247214	180	0/1
X	40569848	40570048	200	0/1
X	42815718	42815880	162	0/1
X	46199770	46199999	229	0/1
X	69399451	69399693	242	0/1
X	76531991	76532444	453	0/1
X	87261864	87262095	231	0/1
X	116196362	116196635	273	0/1
X	125738521	125738616	95	0/1
X	153588214	153588427	213	0/1
Y	2718645	2718862	217	0/1
Y	2739045	2739426	381	0/1
Y	7675427	7675541	114	0/1
Y	8822947	8823114	167	0/1
Y	15444430	15444520	90	0/1
Y	16397899	16398047	148	0/1
Y	16611775	16612355	580	0/1
Y	24112818	24112967	149	0/1
Y	25722108	25722257	149	0/1
