1	3082624	99820588	96737964	1/1
1	5445724	5446020	296	0/1
1	21778490	21779482	992	1/1
1	62524023	62525792	1769	0/1
1	153974957	153975489	532	1/1
1	155739269	155740091	822	1/1
1	166649078	232538646	65889568	1/1
1	172620477	172620606	129	0/1
1	184187456	184188098	642	1/1
1	187176117	220732672	33556555	1/1
1	240080246	240080895	649	1/1
2	28699619	78065256	49365637	1/1
2	30300746	30300797	51	0/1
2	42301905	42302837	932	1/1
2	63411334	63411797	463	1/1
2	82880289	86870253	3989964	1/1
2	145330950	145331357	407	1/1
2	217979661	217981507	1846	1/1
3	40219416	58401846	18182430	1/1
3	46605225	46606650	1425	0/1
3	59730871	59731418	547	1/1
3	61811893	61812003	110	1/1
3	103482560	103483511	951	0/1
3	116839254	116839494	240	1/1
3	119764196	169012638	49248442	1/1
3	119766508	169012637	49246129	0/1
3	135880559	135881794	1235	0/1
3	142365885	142367224	1339	1/1
3	193526871	193527634	763	1/1
4	7575040	7575872	832	0/1
4	10529134	10529851	717	0/1
4	31863345	31865717	2372	0/1
4	88228995	125376321	37147326	0/1
5	16822070	16822550	480	1/1
5	21413173	33158903	11745730	1/1
5	26720854	43124320	16403466	1/1
5	38103012	38103068	56	0/1
5	78733171	150150859	71417688	1/1
5	89187353	89187469	116	1/1
5	89917571	89918164	593	1/1
5	92250605	160441269	68190664	1/1
6	5990601	46586413	40595812	1/1
6	9937901	9938269	368	1/1
6	29758700	29759526	826	0/1
6	65793756	65794396	640	1/1
6	90182545	90183479	934	1/1
6	124546665	131323261	6776596	1/1
6	149670191	149670262	71	0/1
7	13136359	43273832	30137473	0/1
7	21774821	21775810	989	0/1
7	42405102	46658217	4253115	0/1
7	44737625	45924030	1186405	1/1
7	69695876	145989132	76293256	1/1
7	94162820	132934134	38771314	1/1
7	144462686	144463534	848	0/1
7	148200861	148202444	1583	0/1
8	4482237	5589043	1106806	1/1
8	15871778	15872702	924	1/1
8	17717101	17717935	834	1/1
8	24585852	24585994	142	1/1
8	65444724	65445787	1063	0/1
8	94734150	94734284	134	0/1
8	119518707	124176625	4657918	1/1
9	593358	594215	857	1/1
9	22323725	22323783	58	0/1
9	29277902	29279652	1750	1/1
9	32506763	32508677	1914	1/1
9	34959210	34960173	963	1/1
9	77292489	77293228	739	1/1
9	96188841	100506288	4317447	1/1
9	104031021	104031862	841	1/1
9	113826406	125296876	11470470	1/1
10	1026636	1027177	541	1/1
10	2215065	24403173	22188108	1/1
10	5411806	9233534	3821728	1/1
10	8776210	8776794	584	1/1
10	26727736	26728848	1112	1/1
10	30682633	38236784	7554151	1/1
10	44755153	44755687	534	1/1
10	48509734	48511220	1486	1/1
10	49600906	93450292	43849386	1/1
10	52862872	114695669	61832797	1/1
10	54799503	54800330	827	1/1
10	100264818	100266795	1977	0/1
10	106698242	106698904	662	1/1
10	114671231	114671855	624	0/1
10	128047491	128048734	1243	0/1
11	6490024	22707109	16217085	1/1
11	12764295	12764751	456	1/1
11	15143496	15143966	470	1/1
11	23723466	35753113	12029647	1/1
11	31676092	31677586	1494	0/1
11	76224447	91592982	15368535	1/1
11	103458139	103459034	895	1/1
11	110055922	110056906	984	1/1
11	113354465	113354605	140	1/1
12	2662745	2663226	481	1/1
12	9927336	9927690	354	0/1
12	69795876	69796284	408	0/1
12	76183293	76183939	646	0/1
12	92328134	92328681	547	1/1
12	111996392	111997328	936	1/1
12	128625131	128626111	980	1/1
13	38279990	65139563	26859573	1/1
13	59449255	109308732	49859477	1/1
13	61559771	61560246	475	0/1
14	27209873	27210811	938	1/1
14	43648492	43648648	156	1/1
14	55838801	55839245	444	1/1
14	105064750	105065298	548	1/1
14	105744452	105745358	906	1/1
15	46632263	46632886	623	1/1
15	53859452	53860299	847	1/1
15	65948882	65949244	362	0/1
15	80116046	80116897	851	1/1
15	95250869	95251002	133	1/1
16	25940525	25940988	463	0/1
16	25940870	25941408	538	0/1
16	26083527	26085305	1778	1/1
16	47036974	47037969	995	1/1
16	49520159	49520808	649	1/1
16	60547625	60548053	428	1/1
17	16838771	16840132	1361	0/1
17	29242851	29244101	1250	0/1
17	41175474	56263625	15088151	1/1
17	61796932	73908199	12111267	1/1
17	62532713	62535152	2439	0/1
17	71314959	71315047	88	0/1
17	72352452	72353349	897	1/1
18	819718	820391	673	1/1
18	1620668	1621546	878	1/1
18	2429546	11256414	8826868	1/1
18	10274888	11885986	1611098	1/1
18	12262358	12262911	553	0/1
18	12493866	13164586	670720	1/1
18	40516522	40517868	1346	1/1
18	51161100	65076124	13915024	1/1
18	54719946	64913568	10193622	0/1
19	7463260	7463843	583	1/1
19	12944682	17417406	4472724	1/1
19	15274999	22143968	6868969	1/1
19	19286139	19288029	1890	0/1
19	23445820	23446698	878	1/1
19	30307068	30307164	96	0/1
19	36979730	39539193	2559463	1/1
19	50566990	50569408	2418	1/1
19	55704357	57475205	1770848	1/1
20	2979924	2980980	1056	0/1
20	13664476	20931334	7266858	1/1
20	30826016	30826656	640	1/1
20	36437732	36438581	849	1/1
20	38399837	38400991	1154	1/1
21	25566301	25567560	1259	0/1
21	41462561	47338135	5875574	0/1
21	43563379	43564196	817	1/1
22	19319368	19319778	410	1/1
22	20964864	25641176	4676312	1/1
22	32196418	32197299	881	0/1
22	39722636	39722910	274	1/1
22	40669580	40812928	143348	1/1
22	45063286	45063645	359	0/1
22	46134961	46135501	540	0/1
X	11595016	11597479	2463	1/1
X	13369811	44870837	31501026	1/1
X	24456906	50423697	25966791	1/1
X	25958859	25959535	676	0/1
X	76531993	76532445	452	0/1
X	103381751	103384074	2323	0/1
Y	13945199	19350307	5405108	1/1
Y	16611776	16612355	579	1/1
