1	7531554	7531648	94	0/1
1	15375222	15375290	68	0/1
1	34454614	34454653	39	0/1
1	79671084	79671129	45	0/1
1	81643742	81643788	46	0/1
1	85225604	85225747	143	0/1
1	102932003	102932056	53	0/1
1	110830360	110830477	117	1/1
1	152327821	152327882	61	1/1
1	162392077	162392132	55	0/1
1	164176123	164176221	98	1/1
1	167866775	167866808	33	1/1
1	184601614	184601762	148	0/1
1	234724519	234724629	110	0/1
1	245529519	245529553	34	0/1
2	13033296	13033411	115	1/1
2	69080009	69080060	51	1/1
2	72974210	72974260	50	0/1
2	81158647	81158740	93	0/1
2	86923816	86923875	59	1/1
2	96858898	96858980	82	0/1
2	98418999	98419114	115	1/1
2	98429018	98429102	84	0/1
2	111518706	111518783	77	0/1
2	117897977	117898014	37	0/1
2	124114097	124114135	38	0/1
2	130428491	130428620	129	1/1
2	143199714	143199812	98	1/1
2	148163844	148163994	150	0/1
2	167098035	167098126	91	0/1
2	168837936	168837990	54	0/1
2	196290830	196290917	87	0/1
2	222409934	222409978	44	0/1
2	242171285	242171326	41	0/1
3	14808406	14808453	47	0/1
3	15292525	15292618	93	0/1
3	32764211	32764272	61	0/1
3	52265008	52265140	132	1/1
3	78287294	78287331	37	0/1
3	89218760	89218793	33	1/1
3	94972568	94972605	37	0/1
3	96013922	96013984	62	0/1
3	96188173	96188225	52	0/1
3	102059616	102059686	70	0/1
3	108591616	108591741	125	0/1
3	118246843	118246881	38	0/1
3	118935276	118935315	39	0/1
3	124006617	124006662	45	1/1
3	128205173	128205235	62	0/1
3	128622993	128623041	48	0/1
3	144693110	144693237	127	1/1
3	152903445	152903482	37	0/1
3	153163927	153163966	39	0/1
3	160988130	160988169	39	0/1
3	167085764	167085799	35	0/1
4	5568385	5568459	74	1/1
4	16388459	16388579	120	0/1
4	35258519	35258657	138	0/1
4	41336144	41336264	120	1/1
4	42308460	42308555	95	1/1
4	59985387	59985495	108	1/1
4	64449313	64449384	71	1/1
4	68946745	68946794	49	0/1
4	69203168	69203290	122	1/1
4	77977255	77977402	147	0/1
4	83121724	83121791	67	0/1
4	88228992	88229054	62	0/1
4	91859325	91859433	108	0/1
4	120018371	120018406	35	1/1
4	122348100	122348140	40	0/1
4	138734533	138734633	100	0/1
4	156774747	156774781	34	0/1
4	161185877	161185912	35	0/1
4	174188224	174188358	134	0/1
5	1062787	1062820	33	1/1
5	9566083	9566155	72	1/1
5	21822325	21822357	32	0/1
5	34934530	34934645	115	1/1
5	56746406	56746514	108	1/1
5	60233874	60233916	42	0/1
5	88568930	88569022	92	0/1
5	94872629	94872747	118	0/1
5	103125409	103125476	67	0/1
5	135222291	135222327	36	0/1
6	5990539	5990600	61	1/1
6	29725840	29725873	33	1/1
6	30230519	30230592	73	0/1
6	36122774	36122875	101	1/1
6	39799572	39799675	103	0/1
6	43691191	43691235	44	0/1
6	52404821	52404894	73	1/1
6	57139354	57139432	78	0/1
6	67777731	67777767	36	0/1
6	107803969	107804047	78	0/1
6	126342321	126342363	42	0/1
6	140165269	140165377	108	0/1
6	140695286	140695322	36	0/1
6	159258508	159258609	101	1/1
6	165069861	165069894	33	0/1
7	24466940	24466998	58	1/1
7	39077658	39077751	93	0/1
7	42957288	42957376	88	0/1
7	44600177	44600244	67	0/1
7	51822285	51822327	42	0/1
7	77337678	77337710	32	0/1
7	86264736	86264769	33	1/1
7	89866050	89866121	71	0/1
7	96770607	96770717	110	1/1
7	96847121	96847162	41	0/1
7	108884718	108884848	130	1/1
7	128588174	128588263	89	0/1
7	139415955	139416032	77	0/1
8	5458070	5458198	128	0/1
8	8430061	8430156	95	0/1
8	17739606	17739645	39	0/1
8	40101849	40101917	68	1/1
8	56676277	56676408	131	1/1
8	60527472	60527591	119	0/1
8	61945872	61946022	150	0/1
8	78191134	78191190	56	0/1
8	86056661	86056694	33	0/1
8	90210002	90210051	49	0/1
8	101227216	101227253	37	1/1
8	105882221	105882253	32	0/1
8	126533880	126533949	69	0/1
8	132693762	132693801	39	1/1
8	144863367	144863419	52	0/1
9	11852872	11852910	38	0/1
9	19550423	19550478	55	0/1
9	22118488	22118558	70	0/1
9	22972723	22972772	49	0/1
9	26319091	26319174	83	0/1
9	37075164	37075206	42	0/1
9	81698151	81698243	92	1/1
9	83585954	83585986	32	1/1
9	83832294	83832342	48	0/1
9	88302481	88302578	97	1/1
9	104338053	104338121	68	0/1
9	109672838	109672972	134	0/1
9	117296752	117296894	142	1/1
9	130569563	130569698	135	1/1
9	135110410	135110553	143	0/1
9	138555641	138555682	41	0/1
10	1109558	1109632	74	1/1
10	13982991	13983039	48	1/1
10	14187841	14187917	76	1/1
10	15038800	15038834	34	0/1
10	18644558	18644633	75	0/1
10	23635492	23635622	130	0/1
10	30682550	30682631	81	1/1
10	43830272	43830387	115	0/1
10	54429172	54429213	41	1/1
10	73256581	73256702	121	1/1
10	73599414	73599535	121	1/1
10	86868202	86868244	42	0/1
10	113559436	113559527	91	0/1
10	113565058	113565111	53	0/1
10	117288999	117289040	41	0/1
10	120482888	120482934	46	1/1
10	131362431	131362520	89	0/1
11	5608749	5608808	59	0/1
11	10388111	10388155	44	0/1
11	20668878	20668911	33	0/1
11	34673155	34673282	127	1/1
11	35110342	35110424	82	1/1
11	37310634	37310669	35	0/1
11	39482342	39482390	48	0/1
11	40035443	40035504	61	0/1
11	45345042	45345076	34	1/1
11	50378549	50378682	133	0/1
11	65732688	65732812	124	1/1
11	72983313	72983348	35	0/1
11	74822532	74822597	65	0/1
11	96875204	96875247	43	1/1
11	102533952	102534036	84	1/1
11	112918307	112918392	85	1/1
11	127456298	127456433	135	1/1
12	1815488	1815596	108	0/1
12	4120569	4120604	35	1/1
12	4139124	4139231	107	1/1
12	14432560	14432640	80	0/1
12	22159188	22159248	60	1/1
12	27885920	27885957	37	0/1
12	31059106	31059145	39	0/1
12	32900335	32900446	111	1/1
12	38113483	38113537	54	0/1
12	43752408	43752503	95	0/1
12	57959787	57959822	35	0/1
12	71015513	71015626	113	1/1
12	104485738	104485779	41	1/1
12	104562768	104562843	75	0/1
12	126708625	126708767	142	0/1
13	28607298	28607432	134	0/1
13	48092580	48092622	42	0/1
13	48319609	48319683	74	1/1
13	64435082	64435126	44	1/1
13	64955378	64955411	33	0/1
13	75914419	75914483	64	0/1
13	93364890	93364944	54	1/1
13	109595609	109595655	46	1/1
14	19819352	19819409	57	0/1
14	37451095	37451229	134	1/1
14	41511783	41511884	101	0/1
14	41951026	41951060	34	0/1
14	48554398	48554483	85	0/1
14	64151616	64151746	130	1/1
14	76621919	76621952	33	0/1
14	76821242	76821315	73	0/1
14	78296924	78297066	142	0/1
15	41767809	41767909	100	0/1
15	48623248	48623287	39	1/1
15	50731414	50731449	35	0/1
15	63389039	63389110	71	0/1
15	75116147	75116196	49	1/1
16	12076892	12076951	59	0/1
16	13944336	13944439	103	1/1
16	14075622	14075742	120	0/1
16	17593491	17593529	38	0/1
16	27069286	27069358	72	1/1
16	28286370	28286438	68	0/1
16	28498862	28498983	121	0/1
16	46743190	46743236	46	0/1
16	56909667	56909811	144	0/1
16	67473050	67473177	127	1/1
16	70270257	70270294	37	0/1
16	72731140	72731215	75	0/1
16	88186842	88186973	131	0/1
17	2477705	2477824	119	0/1
17	3486021	3486146	125	0/1
17	10457303	10457394	91	0/1
17	11648356	11648427	71	0/1
17	12274803	12274921	118	1/1
17	16290496	16290584	88	0/1
17	16732278	16732318	40	1/1
17	18658309	18658434	125	0/1
17	26659118	26659166	48	0/1
17	26696448	26696527	79	0/1
17	26874866	26875016	150	0/1
17	26943526	26943635	109	1/1
17	26943769	26943905	136	1/1
17	26960178	26960299	121	1/1
17	39776810	39776911	101	0/1
17	39777131	39777218	87	0/1
17	45080232	45080336	104	0/1
17	52935323	52935379	56	0/1
17	61796932	61797051	119	0/1
17	66581107	66581158	51	1/1
18	1440883	1440996	113	1/1
18	2472723	2472838	115	1/1
18	3596314	3596397	83	0/1
18	5521686	5521766	80	0/1
18	6462947	6463010	63	1/1
18	26130513	26130598	85	0/1
18	29216292	29216331	39	0/1
18	30597631	30597711	80	0/1
18	51056866	51056910	44	0/1
18	57229175	57229248	73	1/1
18	58193471	58193508	37	0/1
18	74488559	74488662	103	0/1
18	76721320	76721383	63	0/1
19	2122832	2122899	67	0/1
19	3977452	3977493	41	0/1
19	3983015	3983107	92	0/1
19	4850658	4850772	114	0/1
19	5653275	5653349	74	0/1
19	5698896	5698958	62	0/1
19	7966035	7966151	116	1/1
19	8450547	8450658	111	0/1
19	13523391	13523474	83	1/1
19	15053184	15053242	58	0/1
19	15318572	15318613	41	1/1
19	17306214	17306282	68	0/1
19	18273118	18273216	98	0/1
19	20172152	20172187	35	1/1
19	21797368	21797461	93	1/1
19	22281139	22281175	36	1/1
19	29379216	29379295	79	0/1
19	32968630	32968704	74	1/1
19	37405897	37405930	33	0/1
19	38183257	38183291	34	0/1
19	49142928	49143018	90	0/1
20	2387643	2387678	35	0/1
20	11187665	11187710	45	1/1
20	22228716	22228756	40	1/1
20	31117182	31117261	79	1/1
20	42396197	42396253	56	1/1
20	58797457	58797494	37	1/1
20	61297976	61298063	87	0/1
21	29345520	29345582	62	0/1
21	31934698	31934731	33	0/1
21	43519739	43519850	111	0/1
21	44727661	44727778	117	0/1
22	40757345	40757491	146	1/1
22	48400180	48400310	130	1/1
X	2119657	2119728	71	0/1
X	20069281	20069348	67	0/1
X	33545418	33545457	39	0/1
X	40062691	40062762	71	1/1
X	62134314	62134359	45	0/1
X	108619389	108619421	32	0/1
X	117634672	117634799	127	1/1
X	131665631	131665722	91	0/1
X	139240717	139240856	139	0/1
