1	7531556	7531647	-91	0/1
1	73667087	73667149	-62	0/1
1	79671084	79671128	-44	0/1
1	85225605	85225746	-141	0/1
1	110830360	110830476	-116	1/1
1	162392077	162392131	-54	0/1
1	164176123	164176220	-97	1/1
1	184601615	184601761	-146	0/1
1	210891805	210891937	-132	0/1
1	234724520	234724628	-108	0/1
2	13033296	13033410	-114	1/1
2	69080009	69080059	-50	0/1
2	72974214	72974259	-45	0/1
2	86923816	86923874	-58	1/1
2	96858898	96858979	-81	0/1
2	98419000	98419113	-113	1/1
2	98429020	98429101	-81	0/1
2	111518706	111518782	-76	0/1
2	130428493	130428619	-126	1/1
2	143199716	143199811	-95	1/1
2	148163850	148163993	-143	0/1
2	167098035	167098125	-90	0/1
2	168837937	168837989	-52	0/1
3	1032358	1032460	-102	1/1
3	14808412	14808452	-40	0/1
3	15292532	15292617	-85	0/1
3	52265013	52265139	-126	1/1
3	96013922	96013983	-61	0/1
3	102059617	102059685	-68	0/1
3	108591616	108591740	-124	0/1
3	128205175	128205234	-59	0/1
3	144693111	144693236	-125	1/1
4	5568385	5568458	-73	1/1
4	16388461	16388578	-117	0/1
4	35258519	35258656	-137	0/1
4	41336146	41336263	-117	1/1
4	42308461	42308554	-93	1/1
4	59985387	59985494	-107	1/1
4	64449314	64449383	-69	1/1
4	68946746	68946793	-47	0/1
4	69203170	69203289	-119	1/1
4	77977257	77977401	-144	0/1
4	88228993	88229053	-60	0/1
4	91859325	91859432	-107	0/1
4	138734533	138734632	-99	0/1
4	174188224	174188357	-133	0/1
5	9566083	9566154	-71	1/1
5	34934531	34934644	-113	1/1
5	56746407	56746513	-106	1/1
5	88568931	88569021	-90	0/1
5	94872629	94872746	-117	0/1
5	103125412	103125475	-63	0/1
5	135074716	135074858	-142	1/1
6	5990540	5990599	-59	1/1
6	30230521	30230591	-70	0/1
6	36122775	36122874	-99	1/1
6	43691192	43691234	-42	0/1
6	52404822	52404893	-71	1/1
6	74764041	74764185	-144	1/1
6	107803969	107804046	-77	0/1
6	126342322	126342362	-40	0/1
6	140165268	140165375	-107	0/1
6	159258508	159258608	-100	1/1
7	24466940	24466997	-57	1/1
7	39077658	39077750	-92	0/1
7	42957290	42957403	-113	0/1
7	44600182	44600243	-61	0/1
7	89866050	89866120	-70	0/1
7	93170008	93170103	-95	1/1
7	96770606	96770716	-110	1/1
7	108884723	108884847	-124	1/1
7	128588175	128588262	-87	0/1
7	139415955	139416031	-76	0/1
8	5458070	5458197	-127	0/1
8	8430061	8430155	-94	0/1
8	40101849	40101916	-67	1/1
8	56676278	56676407	-129	1/1
8	60527474	60527590	-116	0/1
8	61945876	61946021	-145	0/1
8	144863367	144863418	-51	0/1
9	19550426	19550477	-51	0/1
9	22118488	22118557	-69	0/1
9	22972726	22972771	-45	0/1
9	26319091	26319173	-82	0/1
9	88302481	88302577	-96	1/1
9	109672838	109672971	-133	0/1
9	117296753	117296893	-140	1/1
9	130569568	130569697	-129	1/1
9	135110410	135110552	-142	0/1
10	1109558	1109631	-73	1/1
10	13982992	13983038	-46	0/1
10	14187841	14187916	-75	1/1
10	18644558	18644632	-74	0/1
10	23635493	23635621	-128	0/1
10	30682550	30682630	-80	1/1
10	73256582	73256701	-119	1/1
10	73599417	73599534	-117	1/1
10	86868202	86868243	-41	0/1
10	113559436	113559526	-90	0/1
10	113565060	113565110	-50	0/1
10	120482889	120482933	-44	0/1
11	5608749	5608807	-58	0/1
11	34673157	34673281	-124	1/1
11	35110342	35110423	-81	1/1
11	39482342	39482389	-47	0/1
11	50378550	50378681	-131	0/1
11	65732690	65732811	-121	1/1
11	112918307	112918394	-87	1/1
11	74822532	74822596	-64	0/1
11	102533952	102534035	-83	1/1
11	127456300	127456432	-132	1/1
12	1815490	1815595	-105	0/1
12	4139124	4139230	-106	1/1
12	14432561	14432639	-78	0/1
12	22159191	22159247	-56	1/1
12	32900335	32900445	-110	1/1
12	71015515	71015625	-110	1/1
12	104485738	104485778	-40	0/1
12	104562769	104562842	-73	0/1
13	48319611	48319682	-71	1/1
13	64435082	64435125	-43	0/1
13	75914420	75914482	-62	0/1
13	93364890	93364943	-53	1/1
13	109595609	109595654	-45	0/1
14	37451095	37451228	-133	1/1
14	48554398	48554482	-84	0/1
14	56117137	56117284	-147	1/1
14	64151617	64151745	-128	1/1
14	76821244	76821314	-70	0/1
15	41767810	41767908	-98	0/1
15	63389039	63389109	-70	0/1
15	75116149	75116195	-46	0/1
16	13944336	13944438	-102	1/1
16	14075623	14075741	-118	0/1
16	27069286	27069357	-71	1/1
16	28286371	28286437	-66	0/1
16	28498865	28498982	-117	0/1
16	33978537	33978687	-150	1/1
16	46743193	46743235	-42	0/1
16	56909676	56909810	-134	0/1
16	67473052	67473176	-124	1/1
16	72731141	72731214	-73	0/1
16	88186842	88186972	-130	0/1
17	2477705	2477823	-118	0/1
17	11648356	11648426	-70	0/1
17	12274804	12274920	-116	1/1
17	16290495	16290583	-88	0/1
17	26696451	26696526	-75	0/1
17	26874867	26875015	-148	0/1
17	26943528	26943634	-106	1/1
17	26943773	26943904	-131	1/1
17	26960180	26960298	-118	1/1
17	45080233	45080335	-102	0/1
17	52935323	52935378	-55	0/1
17	66581107	66581157	-50	0/1
17	75881801	75881864	-63	0/1
18	1440883	1440995	-112	1/1
18	2472724	2472837	-113	1/1
18	3596314	3596396	-82	0/1
18	5521687	5521765	-78	0/1
18	30597632	30597710	-78	0/1
18	57229176	57229247	-71	1/1
18	51056866	51056909	-43	0/1
18	76721320	76721382	-62	0/1
19	2122832	2122898	-66	0/1
19	3983019	3983106	-87	0/1
19	5653276	5653348	-72	0/1
19	5698898	5698957	-59	0/1
19	7966036	7966150	-114	1/1
19	8450546	8450657	-111	0/1
19	13523379	13523473	-94	1/1
19	15318572	15318612	-40	0/1
19	17306215	17306281	-66	0/1
19	18273121	18273215	-94	0/1
19	21797367	21797460	-93	1/1
19	32968632	32968703	-71	1/1
19	49142929	49143017	-88	0/1
19	52948969	52949075	-106	1/1
20	2842545	2842695	-150	1/1
20	11187667	11187709	-42	0/1
20	31117182	31117260	-78	1/1
20	35868920	35869070	-150	1/1
20	42396199	42396252	-53	1/1
20	61297976	61298062	-86	0/1
21	43519739	43519849	-110	0/1
22	40757347	40757490	-143	1/1
22	48400182	48400309	-127	1/1
X	2119657	2119727	-70	0/1
X	20069282	20069347	-65	0/1
X	29825253	29825402	-149	0/1
X	40062691	40062761	-70	1/1
X	62134314	62134358	-44	0/1
X	117634674	117634798	-124	1/1
X	131665633	131665721	-88	0/1
X	139240719	139240850	-131	0/1
