1	34454614	34454652	-38
1	79671084	79671128	-44
1	89370240	89370271	-31
1	114183713	114183751	-38
1	167866775	167866807	-32
1	188666465	188666500	-35
1	212019515	212019548	-33
2	72974210	72974259	-49
2	72974210	72974259	-49
2	72974210	72974259	-49
2	107621431	107621467	-36
2	157789742	157789774	-32
2	194259451	194259487	-36
2	222409934	222409977	-43
3	14808406	14808452	-46
3	56382906	56382943	-37
3	78287294	78287330	-36
3	89218760	89218792	-32
3	94972568	94972604	-36
3	113875562	113875604	-42
3	118246843	118246880	-37
3	118935276	118935314	-38
3	124006617	124006661	-44
3	128622993	128623040	-47
3	152903445	152903481	-36
3	160988130	160988168	-38
3	167085764	167085798	-34
4	43452817	43452853	-36
4	61102019	61102051	-32
4	68946745	68946793	-48
4	120018371	120018405	-34
4	122348100	122348139	-39
4	156774747	156774780	-33
4	161185877	161185911	-34
5	1062787	1062819	-32
5	21822325	21822356	-31
5	135222292	135222330	-38
5	162626656	162626688	-32
6	3191956	3191997	-41
6	29725840	29725872	-32
6	43691191	43691234	-43
6	43691191	43691234	-43
6	67777731	67777766	-35
6	126342321	126342362	-41
6	140695286	140695321	-35
6	165069861	165069893	-32
7	51822286	51822328	-42
7	77337678	77337709	-31
7	86264736	86264768	-32
7	96847121	96847161	-40
7	158127225	158127270	-45
8	17739606	17739644	-38
8	53439133	53439164	-31
8	85948914	85948960	-46
8	85948914	85948960	-46
8	86056661	86056693	-32
8	87324514	87324552	-38
8	91245484	91245522	-38
8	101227216	101227252	-36
8	105882221	105882252	-31
9	11852872	11852909	-37
9	22972723	22972771	-48
9	37075164	37075205	-41
9	83585954	83585985	-31
9	83832294	83832341	-47
9	83832294	83832341	-47
9	97033163	97033200	-37
9	138555641	138555681	-40
10	13156914	13156946	-32
10	13982991	13983038	-47
10	15038800	15038833	-33
10	52434729	52434760	-31
10	54429172	54429212	-40
10	86868202	86868243	-41
10	117288999	117289039	-40
10	120482888	120482933	-45
11	10388111	10388154	-43
11	20668878	20668912	-34
11	37310634	37310668	-34
11	39482342	39482389	-47
11	45345042	45345075	-33
11	72983313	72983347	-34
11	96875204	96875246	-42
12	4120569	4120603	-34
12	27885920	27885956	-36
12	31059106	31059144	-38
12	57959787	57959821	-34
12	104485738	104485778	-40
13	64435082	64435125	-43
13	64955378	64955410	-32
13	105676697	105676729	-32
13	107222984	107223017	-33
13	109595609	109595654	-45
14	31529169	31529201	-32
14	41951026	41951059	-33
14	44749432	44749478	-46
14	76621919	76621951	-32
14	80312157	80312203	-46
14	86909633	86909672	-39
15	48623248	48623286	-38
15	50731414	50731448	-34
15	75116147	75116195	-48
16	17593491	17593528	-37
16	46743190	46743235	-45
16	70270257	70270293	-36
17	4281579	4281627	-48
17	8130653	8130698	-45
17	16732278	16732317	-39
17	26659118	26659165	-47
17	54955465	54955507	-42
17	70469882	70469913	-31
18	22071140	22071182	-42
18	29216292	29216330	-38
18	51056866	51056909	-43
18	58193471	58193507	-36
18	74488619	74488661	-42
19	3977452	3977492	-40
19	15318572	15318612	-40
19	20172152	20172186	-34
19	22281139	22281174	-35
19	37405897	37405929	-32
19	38183257	38183290	-33
20	2387643	2387677	-34
20	11187665	11187709	-44
20	22228716	22228755	-39
20	58797457	58797493	-36
20	62184708	62184740	-32
21	31934698	31934730	-32
X	33545418	33545456	-38
X	62134314	62134358	-44
X	108619389	108619420	-31
