1	7531554	7531647	-93	0/1
1	15375222	15375289	-67	0/1
1	47360721	47360819	-98	0/1
1	73667081	73667207	-126	0/1
1	85225604	85225746	-142	0/1
1	110830360	110830476	-116	1/1
1	162392077	162392131	-54	0/1
1	164176123	164176220	-97	1/1
1	184601614	184601761	-147	0/1
1	197133836	197133938	-102	0/1
1	210891786	210891888	-102	0/1
1	234724519	234724628	-109	0/1
2	296361	296424	-63	0/1
2	13033296	13033410	-114	1/1
2	69080009	69080059	-50	1/1
2	86923816	86923874	-58	1/1
2	98418999	98419113	-114	1/1
2	98429018	98429101	-83	0/1
2	111518706	111518782	-76	0/1
2	114579111	114579167	-56	1/1
2	130428491	130428619	-128	1/1
2	143199714	143199811	-97	1/1
2	148163844	148163993	-149	0/1
2	167098035	167098125	-90	0/1
2	168837936	168837989	-53	0/1
3	15292525	15292617	-92	0/1
3	32764211	32764271	-60	0/1
3	52265008	52265139	-131	1/1
3	96013922	96013983	-61	0/1
3	102059616	102059685	-69	0/1
3	108591616	108591740	-124	0/1
3	128205173	128205234	-61	0/1
3	144693110	144693236	-126	1/1
4	5568385	5568458	-73	1/1
4	16388459	16388578	-119	0/1
4	35258519	35258656	-137	0/1
4	41336144	41336263	-119	1/1
4	42308460	42308554	-94	1/1
4	59985387	59985494	-107	1/1
4	64449313	64449383	-70	1/1
4	69203168	69203289	-121	1/1
4	77977255	77977401	-146	0/1
4	83121724	83121790	-66	0/1
4	88228992	88229053	-61	0/1
4	91859325	91859432	-107	0/1
4	138734533	138734632	-99	0/1
4	174188224	174188357	-133	0/1
4	190105973	190106030	-57	0/1
5	9566083	9566154	-71	1/1
5	34934530	34934644	-114	1/1
5	56746406	56746513	-107	1/1
5	88568930	88569021	-91	0/1
5	94872629	94872746	-117	0/1
5	103125409	103125475	-66	0/1
5	126075402	126075550	-148	0/1
5	135074708	135074858	-150	1/1
6	5990539	5990599	-60	1/1
6	30230519	30230591	-72	0/1
6	36122774	36122874	-100	1/1
6	52404821	52404893	-72	1/1
6	57139354	57139431	-77	0/1
6	107803969	107804046	-77	0/1
6	141677364	141677414	-50	1/1
6	159258508	159258608	-100	1/1
7	24466940	24466997	-57	1/1
7	39077658	39077750	-92	0/1
7	42957288	42957375	-87	0/1
7	44600177	44600243	-66	0/1
7	89866050	89866120	-70	0/1
7	93169984	93170103	-119	1/1
7	96770607	96770716	-109	1/1
7	128588174	128588262	-88	0/1
7	139415955	139416031	-76	0/1
7	157272721	157272792	-71	0/1
7	157694407	157694480	-73	0/1
8	5458070	5458197	-127	0/1
8	8430061	8430155	-94	0/1
8	40101849	40101916	-67	1/1
8	56676277	56676407	-130	1/1
8	60527472	60527590	-118	0/1
8	61945872	61946021	-149	0/1
8	78191134	78191189	-55	0/1
8	144863367	144863418	-51	0/1
9	19550423	19550477	-54	0/1
9	22118488	22118557	-69	0/1
9	26319091	26319173	-82	0/1
9	39037782	39037931	-149	0/1
9	88302481	88302577	-96	1/1
9	104338053	104338120	-67	0/1
9	109672838	109672971	-133	0/1
9	117296752	117296893	-141	1/1
9	130569563	130569697	-134	1/1
9	135110410	135110552	-142	0/1
10	1109558	1109631	-73	1/1
10	14187841	14187916	-75	1/1
10	18644558	18644632	-74	0/1
10	23635492	23635621	-129	0/1
10	30682550	30682630	-80	1/1
10	66313409	66313462	-53	0/1
10	73256581	73256701	-120	1/1
10	73599414	73599534	-120	1/1
10	113559436	113559526	-90	0/1
10	113565058	113565110	-52	0/1
11	5608749	5608807	-58	0/1
11	34673155	34673281	-126	1/1
11	35110342	35110423	-81	1/1
11	40035443	40035503	-60	0/1
11	50378549	50378681	-132	0/1
11	65732688	65732811	-123	1/1
11	74822532	74822596	-64	0/1
11	102533952	102534035	-83	1/1
11	112918307	112918391	-84	1/1
11	127456298	127456432	-134	1/1
12	1815488	1815595	-107	0/1
12	4139124	4139230	-106	1/1
12	14432560	14432639	-79	0/1
12	22159188	22159247	-59	1/1
12	32900335	32900445	-110	1/1
12	40641325	40641376	-51	0/1
12	71015513	71015625	-112	1/1
12	104562768	104562842	-74	0/1
13	48319609	48319682	-73	1/1
13	75914419	75914482	-63	0/1
13	93364890	93364943	-53	1/1
14	37451095	37451228	-133	1/1
14	48554398	48554482	-84	0/1
14	56117134	56117284	-150	1/1
14	64151616	64151745	-129	1/1
14	76821242	76821314	-72	0/1
15	34473892	34473952	-60	0/1
15	34473995	34474054	-59	0/1
15	41767809	41767908	-99	0/1
15	63389039	63389109	-70	0/1
16	12076892	12076950	-58	0/1
16	13944336	13944438	-102	1/1
16	27069286	27069357	-71	1/1
16	28286370	28286437	-67	0/1
16	28498862	28498982	-120	0/1
16	56909667	56909810	-143	0/1
16	67473050	67473176	-126	1/1
16	72731140	72731214	-74	0/1
16	88186842	88186972	-130	0/1
17	2477705	2477823	-118	0/1
17	11648356	11648426	-70	0/1
17	12274803	12274920	-117	1/1
17	16290496	16290583	-87	0/1
17	26696448	26696526	-78	0/1
17	26874866	26875015	-149	0/1
17	26943526	26943634	-108	1/1
17	26943769	26943904	-135	1/1
17	26960178	26960298	-120	1/1
17	39777131	39777217	-86	0/1
17	45080232	45080335	-103	0/1
17	52935323	52935378	-55	0/1
17	66581107	66581157	-50	1/1
17	75881797	75881910	-113	0/1
18	1440883	1440995	-112	1/1
18	2472723	2472837	-114	1/1
18	3596314	3596396	-82	0/1
18	5521686	5521765	-79	0/1
18	6462947	6463009	-62	1/1
18	27364021	27364076	-55	0/1
18	30597631	30597710	-79	0/1
18	57229175	57229247	-72	1/1
18	76721320	76721382	-62	0/1
19	2122832	2122898	-66	0/1
19	3983015	3983106	-91	0/1
19	5653275	5653348	-73	0/1
19	5698896	5698957	-61	0/1
19	7966035	7966150	-115	1/1
19	8450547	8450657	-110	0/1
19	13523391	13523473	-82	1/1
19	15053184	15053241	-57	0/1
19	17306214	17306281	-67	0/1
19	18273118	18273215	-97	0/1
19	21797368	21797460	-92	1/1
19	32968630	32968703	-73	1/1
19	49142928	49143017	-89	0/1
19	52948969	52949075	-106	1/1
19	54383990	54384088	-98	0/1
19	57649230	57649370	-140	0/1
20	31117182	31117260	-78	1/1
20	35868920	35869070	-150	1/1
20	42396197	42396252	-55	1/1
20	61297976	61298062	-86	0/1
21	29345520	29345581	-61	0/1
21	43519739	43519849	-110	0/1
22	40757345	40757490	-145	1/1
22	48400180	48400309	-129	1/1
X	2119657	2119727	-70	0/1
X	20069281	20069347	-66	0/1
X	40062691	40062761	-70	1/1
X	117634672	117634798	-126	1/1
X	131665631	131665721	-90	0/1
X	139240717	139240855	-138	0/1
