1	4606388	4606428	40	0/1
1	7531554	7531647	93	0/1
1	15811878	15811913	35	1/1
1	20978127	20978183	56	0/1
1	26094096	26094174	78	0/1
1	34454614	34454652	38	0/1
1	71097991	71098026	35	1/1
1	73855701	73855732	31	1/1
1	73858705	73858748	43	0/1
1	77166861	77166894	33	0/1
1	79671084	79671128	44	0/1
1	81336994	81337047	53	0/1
1	81643742	81643787	45	0/1
1	83168805	83168845	40	1/1
1	85225604	85225746	142	0/1
1	94707281	94707333	52	0/1
1	97625902	97625934	32	1/1
1	101035984	101036032	48	1/1
1	106047381	106047432	51	0/1
1	110830360	110830476	116	1/1
1	118141508	118141549	41	0/1
1	118356862	118356911	49	0/1
1	118862111	118862146	35	0/1
1	146768659	146768691	32	0/1
1	157315489	157315533	44	0/1
1	162182612	162182663	51	1/1
1	162332221	162332270	49	0/1
1	162392077	162392131	54	0/1
1	163486199	163486253	54	0/1
1	164176123	164176220	97	1/1
1	165293041	165293086	45	0/1
1	166744188	166744232	44	1/1
1	167786021	167786059	38	0/1
1	167866775	167866807	32	1/1
1	179456635	179456666	31	1/1
1	179943190	179943237	47	0/1
1	180245979	180246017	38	1/1
1	184601614	184601761	147	0/1
1	187743974	187744008	34	1/1
1	191178659	191178691	32	0/1
1	216703617	216703651	34	0/1
1	223953363	223953413	50	1/1
1	227560275	227560310	35	1/1
1	231084970	231085015	45	1/1
1	231516210	231516247	37	0/1
1	234724519	234724628	109	0/1
1	235747963	235747995	32	1/1
1	236708543	236708605	62	1/1
1	238906609	238906664	55	0/1
1	244919920	244919969	49	0/1
1	246251866	246251916	50	0/1
1	246704733	246704780	47	0/1
1	247604390	247604425	35	0/1
1	248793699	248793731	32	1/1
1	248819953	248819989	36	0/1
2	629775	629818	43	0/1
2	1641109	1641257	148	0/1
2	3656899	3656932	33	0/1
2	9445938	9446006	68	0/1
2	10443748	10443788	40	1/1
2	13033296	13033410	114	1/1
2	13686638	13686674	36	1/1
2	15520707	15520752	45	1/1
2	18172995	18173028	33	0/1
2	18849908	18849959	51	0/1
2	20649527	20649578	51	1/1
2	22688873	22688907	34	0/1
2	24587424	24587471	47	1/1
2	28793337	28793390	53	0/1
2	41844229	41844261	32	1/1
2	41964858	41964912	54	1/1
2	45869195	45869228	33	0/1
2	46317858	46317899	41	0/1
2	50390257	50390288	31	0/1
2	54489810	54489844	34	0/1
2	55566487	55566542	55	0/1
2	65304117	65304158	41	0/1
2	66213173	66213206	33	0/1
2	68409211	68409243	32	1/1
2	68628776	68628811	35	0/1
2	69080009	69080059	50	1/1
2	72974210	72974259	49	0/1
2	82042667	82042717	50	0/1
2	86923816	86923874	58	1/1
2	90483491	90483563	72	0/1
2	96858898	96858979	81	0/1
2	98418999	98419113	114	1/1
2	98429018	98429101	83	0/1
2	107621431	107621467	36	0/1
2	111518706	111518782	76	0/1
2	117595605	117595644	39	0/1
2	117897977	117898013	36	0/1
2	123179960	123179994	34	0/1
2	130428491	130428619	128	1/1
2	137681928	137681972	44	0/1
2	138426975	138427007	32	1/1
2	139606785	139606829	44	0/1
2	139833967	139833999	32	0/1
2	143199714	143199811	97	1/1
2	148163844	148163993	149	0/1
2	150714290	150714342	52	1/1
2	153502811	153502858	47	0/1
2	156750328	156750368	40	0/1
2	157789742	157789774	32	0/1
2	166797988	166798022	34	1/1
2	167098035	167098125	90	0/1
2	168740103	168740156	53	0/1
2	168837936	168837989	53	0/1
2	181947052	181947089	37	0/1
2	185230038	185230085	47	0/1
2	189065315	189065352	37	1/1
2	190607542	190607574	32	0/1
2	194259451	194259487	36	0/1
2	197262820	197262866	46	1/1
2	209398776	209398811	35	0/1
2	209447203	209447251	48	0/1
2	214731701	214731740	39	0/1
2	222343487	222343539	52	1/1
2	222409934	222409977	43	0/1
2	223801920	223801952	32	1/1
2	225317575	225317617	42	1/1
2	225881339	225881371	32	0/1
2	231441339	231441383	44	0/1
2	234211417	234211451	34	0/1
2	234740984	234741028	44	1/1
2	239597550	239597596	46	0/1
2	242806196	242806251	55	0/1
3	967585	967634	49	1/1
3	5340129	5340163	34	1/1
3	7408553	7408606	53	1/1
3	10093117	10093150	33	1/1
3	11438862	11438916	54	1/1
3	14431548	14431592	44	1/1
3	14509887	14509926	39	1/1
3	14808406	14808452	46	0/1
3	15292525	15292617	92	0/1
3	15747886	15747927	41	1/1
3	16352783	16352835	52	1/1
3	21604330	21604384	54	1/1
3	52265008	52265139	131	1/1
3	69500381	69500421	40	0/1
3	86255284	86255331	47	1/1
3	89218760	89218792	32	1/1
3	94972568	94972604	36	0/1
3	96013922	96013983	61	0/1
3	102059616	102059685	69	0/1
3	117375182	117375223	41	1/1
3	118246843	118246880	37	0/1
3	118935276	118935314	38	1/1
3	124006617	124006661	44	0/1
3	128205173	128205234	61	0/1
3	128622993	128623040	47	0/1
3	140742395	140742430	35	0/1
3	144693110	144693236	126	1/1
3	145144372	145144410	38	1/1
3	151608345	151608383	38	1/1
3	152903445	152903481	36	0/1
3	153163927	153163965	38	0/1
3	153804088	153804123	35	1/1
3	160988130	160988168	38	0/1
3	162036556	162036652	96	0/1
3	162561540	162561687	147	0/1
3	163436582	163436619	37	1/1
3	165464795	165464826	31	0/1
3	166603164	166603196	32	0/1
3	167085764	167085798	34	0/1
3	177468165	177468200	35	1/1
3	182970943	182970981	38	1/1
3	184388510	184388551	41	0/1
3	196347270	196347312	42	0/1
4	5568385	5568458	73	1/1
4	6925985	6926040	55	1/1
4	11887685	11887729	44	0/1
4	11897787	11897837	50	0/1
4	16388459	16388578	119	0/1
4	28982120	28982154	34	0/1
4	34139350	34139393	43	0/1
4	41336144	41336263	119	1/1
4	42308460	42308554	94	1/1
4	43452817	43452853	36	0/1
4	43699899	43699947	48	1/1
4	47356854	47356887	33	0/1
4	54356262	54356306	44	0/1
4	56286274	56286313	39	1/1
4	58952644	58952676	32	0/1
4	59985387	59985494	107	1/1
4	61102019	61102051	32	0/1
4	64449313	64449383	70	1/1
4	68946745	68946793	48	0/1
4	69203168	69203289	121	1/1
4	77977255	77977401	146	0/1
4	88228992	88229053	61	0/1
4	91859325	91859432	107	0/1
4	116272596	116272627	31	0/1
4	118704048	118704086	38	0/1
4	126334758	126334800	42	1/1
4	130701932	130701967	35	1/1
4	131799907	131799939	32	1/1
4	133347468	133347528	60	0/1
4	134601886	134601925	39	0/1
4	137463723	137463772	49	1/1
4	138734533	138734632	99	0/1
4	156774747	156774780	33	0/1
4	157977484	157977578	94	0/1
4	161955735	161955766	31	0/1
4	165380005	165380125	120	0/1
4	172160428	172160494	66	1/1
4	172499802	172499857	55	0/1
4	177661094	177661154	60	0/1
4	177700835	177700883	48	1/1
5	1062787	1062819	32	0/1
5	3554458	3554504	46	1/1
5	9566083	9566154	71	1/1
5	20329035	20329070	35	0/1
5	24356063	24356112	49	0/1
5	25129155	25129196	41	0/1
5	25972671	25972704	33	1/1
5	30918309	30918349	40	0/1
5	34934530	34934644	114	1/1
5	39085543	39085577	34	1/1
5	56746406	56746513	107	1/1
5	57428434	57428472	38	1/1
5	71141962	71142000	38	1/1
5	76522001	76522046	45	1/1
5	81778250	81778283	33	0/1
5	85645553	85645608	55	0/1
5	88568930	88569021	91	0/1
5	94872629	94872746	117	0/1
5	103125409	103125475	66	0/1
5	145159090	145159141	51	1/1
5	150763098	150763130	32	1/1
5	154134773	154134818	45	1/1
5	167398373	167398404	31	1/1
6	689259	689290	31	0/1
6	3267058	3267100	42	0/1
6	3719070	3719104	34	1/1
6	5990539	5990599	60	1/1
6	12435191	12435245	54	0/1
6	23387340	23387376	36	1/1
6	29725840	29725872	32	1/1
6	29867955	29867998	43	1/1
6	29871132	29871172	40	1/1
6	30230519	30230591	72	0/1
6	31267724	31267776	52	0/1
6	31301260	31301294	34	1/1
6	31571689	31571755	66	0/1
6	31571755	31571790	35	0/1
6	32594815	32594850	35	0/1
6	33677214	33677246	32	1/1
6	35801738	35801790	52	0/1
6	36122774	36122874	100	1/1
6	41492685	41492724	39	1/1
6	43691191	43691234	43	0/1
6	51801593	51801625	32	0/1
6	52404821	52404893	72	1/1
6	54092910	54092944	34	1/1
6	66156716	66156754	38	0/1
6	67278455	67278495	40	0/1
6	67543722	67543754	32	0/1
6	67777731	67777766	35	0/1
6	102288865	102288905	40	0/1
6	105725425	105725465	40	0/1
6	107803969	107804046	77	0/1
6	108655762	108655801	39	0/1
6	114635103	114635156	53	0/1
6	126342321	126342362	41	0/1
6	147512267	147512299	32	1/1
6	148259428	148259464	36	0/1
6	159258508	159258608	100	1/1
6	165069861	165069893	32	0/1
6	165818536	165818572	36	0/1
7	7689323	7689369	46	1/1
7	22139105	22139140	35	0/1
7	24466940	24466997	57	1/1
7	24627302	24627352	50	0/1
7	24787737	24787787	50	1/1
7	28461536	28461580	44	1/1
7	31974674	31974737	63	1/1
7	35289889	35289941	52	1/1
7	36077515	36077547	32	1/1
7	39077658	39077750	92	0/1
7	44600177	44600243	66	0/1
7	49579622	49579655	33	1/1
7	51822288	51822328	40	0/1
7	55698753	55698804	51	0/1
7	63536411	63536453	42	1/1
7	64828519	64828558	39	1/1
7	76023088	76023131	43	1/1
7	86264736	86264768	32	0/1
7	89866050	89866120	70	0/1
7	93169984	93170103	119	1/1
7	96770607	96770716	109	1/1
7	96847121	96847161	40	0/1
7	100933789	100933821	32	0/1
7	102019267	102019299	32	1/1
7	108884718	108884847	129	1/1
7	115878636	115878669	33	0/1
7	121559861	121559918	57	1/1
7	128588174	128588262	88	0/1
7	131324777	131324817	40	1/1
7	134037806	134037837	31	0/1
7	134412920	134412954	34	1/1
7	135116508	135116554	46	1/1
7	135121237	135121268	31	1/1
7	135400243	135400282	39	0/1
7	136316800	136316844	44	1/1
7	136316993	136317043	50	1/1
7	139415955	139416031	76	0/1
7	148034114	148034146	32	0/1
7	151057981	151058125	144	0/1
7	154462906	154462949	43	1/1
8	5458070	5458197	127	0/1
8	10041392	10041511	119	0/1
8	11135250	11135282	32	1/1
8	13733639	13733680	41	1/1
8	14358475	14358519	44	1/1
8	17739606	17739644	38	0/1
8	40101849	40101916	67	1/1
8	41308218	41308251	33	1/1
8	53439133	53439164	31	1/1
8	56676277	56676407	130	1/1
8	60527472	60527590	118	0/1
8	61945872	61946021	149	0/1
8	78117468	78117499	31	1/1
8	78191134	78191189	55	0/1
8	78598763	78598794	31	1/1
8	80678497	80678533	36	0/1
8	87324514	87324552	38	0/1
8	101227216	101227252	36	0/1
8	103652840	103652871	31	0/1
8	117298200	117298247	47	1/1
8	125733633	125733676	43	1/1
8	132693762	132693800	38	1/1
8	136493479	136493517	38	1/1
8	144863367	144863418	51	0/1
9	606586	606643	57	1/1
9	9712366	9712398	32	0/1
9	11592379	11592419	40	1/1
9	11765099	11765151	52	1/1
9	11852872	11852909	37	0/1
9	19550423	19550477	54	0/1
9	22118488	22118557	69	0/1
9	22972723	22972771	48	0/1
9	23465703	23465740	37	1/1
9	26319091	26319173	82	0/1
9	37075164	37075205	41	0/1
9	39037782	39037931	149	0/1
9	72824471	72824516	45	1/1
9	81698151	81698242	91	0/1
9	83585954	83585985	31	1/1
9	83832294	83832341	47	0/1
9	88302481	88302577	96	1/1
9	89373330	89373378	48	0/1
9	93513727	93513767	40	1/1
9	109672838	109672971	133	0/1
9	114985984	114986023	39	1/1
9	117296752	117296893	141	1/1
9	130569563	130569697	134	1/1
9	133966123	133966260	137	0/1
9	135110410	135110552	142	0/1
9	139614362	139614393	31	0/1
10	1109558	1109631	73	1/1
10	1411060	1411109	49	0/1
10	1594694	1594822	128	0/1
10	3161292	3161324	32	0/1
10	5150671	5150704	33	0/1
10	6267716	6267750	34	0/1
10	7709633	7709676	43	0/1
10	13982991	13983038	47	1/1
10	14187841	14187916	75	1/1
10	14749374	14749412	38	1/1
10	15038800	15038833	33	0/1
10	18644558	18644632	74	0/1
10	23635492	23635621	129	0/1
10	26630829	26630969	140	0/1
10	27169919	27169970	51	0/1
10	30682550	30682630	80	1/1
10	52434729	52434760	31	0/1
10	54429172	54429212	40	1/1
10	54937085	54937127	42	1/1
10	67048131	67048165	34	0/1
10	71242451	71242483	32	0/1
10	72113107	72113143	36	1/1
10	73256581	73256701	120	1/1
10	73599414	73599534	120	1/1
10	79084291	79084333	42	0/1
10	82656168	82656200	32	0/1
10	86868202	86868243	41	0/1
10	94911761	94911808	47	1/1
10	97908304	97908358	54	1/1
10	105356401	105356445	44	0/1
10	108749028	108749066	38	1/1
10	113559436	113559526	90	0/1
10	113565058	113565110	52	0/1
10	120482888	120482933	45	1/1
10	121980045	121980089	44	1/1
10	132997045	132997088	43	1/1
11	5376762	5376812	50	0/1
11	5608749	5608807	58	0/1
11	7813174	7813207	33	1/1
11	9777659	9777700	41	1/1
11	9804620	9804658	38	0/1
11	10526922	10526954	32	1/1
11	11531983	11532038	55	1/1
11	23023000	23023040	40	1/1
11	25003466	25003498	32	0/1
11	28892727	28892763	36	0/1
11	34673155	34673281	126	1/1
11	35110342	35110423	81	1/1
11	37310634	37310668	34	0/1
11	39482342	39482389	47	0/1
11	45345042	45345075	33	1/1
11	47378442	47378478	36	0/1
11	47596399	47596440	41	0/1
11	50378549	50378681	132	0/1
11	59769463	59769521	58	0/1
11	60199454	60199495	41	1/1
11	62917825	62917874	49	1/1
11	63381155	63381197	42	1/1
11	65732688	65732811	123	1/1
11	70849139	70849235	96	0/1
11	72983313	72983347	34	0/1
11	74822532	74822596	64	0/1
11	74840068	74840119	51	0/1
11	76778759	76778801	42	1/1
11	81490273	81490306	33	0/1
11	82278548	82278585	37	1/1
11	85393657	85393700	43	1/1
11	95741375	95741414	39	0/1
11	96875204	96875246	42	1/1
11	97863328	97863366	38	1/1
11	99455671	99455708	37	1/1
11	99455671	99455708	37	1/1
11	102533952	102534035	83	1/1
11	106027822	106027870	48	1/1
11	106802310	106802350	40	1/1
11	111797805	111797847	42	1/1
11	112065927	112065982	55	1/1
11	112918307	112918391	84	1/1
11	115768727	115768770	43	1/1
11	115803298	115803338	40	0/1
11	117308983	117309029	46	1/1
11	118547430	118547472	42	1/1
11	119456532	119456571	39	1/1
11	119627196	119627242	46	1/1
11	127456298	127456432	134	1/1
11	127678790	127678843	53	0/1
11	128564359	128564413	54	1/1
11	129100444	129100482	38	1/1
11	130184462	130184498	36	1/1
11	132004599	132004649	50	0/1
11	132008476	132008509	33	0/1
12	974308	974355	47	0/1
12	1238491	1238532	41	0/1
12	1815488	1815595	107	0/1
12	4120569	4120603	34	1/1
12	4139124	4139230	106	1/1
12	5766949	5766990	41	1/1
12	6397860	6397918	58	1/1
12	8068452	8068483	31	0/1
12	10805336	10805378	42	0/1
12	17878121	17878152	31	0/1
12	20172116	20172172	56	1/1
12	21033042	21033075	33	0/1
12	22159188	22159247	59	1/1
12	25245019	25245154	135	0/1
12	25357578	25357629	51	1/1
12	27039967	27040014	47	1/1
12	27885920	27885956	36	0/1
12	29403088	29403134	46	1/1
12	30358074	30358192	118	0/1
12	32117156	32117200	44	1/1
12	32842561	32842603	42	0/1
12	32900335	32900445	110	1/1
12	40743313	40743368	55	0/1
12	42313746	42313781	35	1/1
12	52641620	52641666	46	0/1
12	57959787	57959821	34	0/1
12	59223513	59223549	36	0/1
12	71015513	71015625	112	1/1
12	71208906	71208947	41	1/1
12	72414810	72414842	32	1/1
12	77905014	77905143	129	0/1
12	78328185	78328231	46	1/1
12	79305313	79305347	34	0/1
12	80738875	80738909	34	0/1
12	81259147	81259181	34	1/1
12	81538377	81538418	41	0/1
12	84654168	84654206	38	1/1
12	84692803	84692850	47	1/1
12	84693090	84693125	35	1/1
12	86252980	86253018	38	0/1
12	86799704	86799741	37	1/1
12	91017998	91018042	44	1/1
12	91170963	91171098	135	0/1
12	91894798	91894839	41	0/1
12	92929670	92929710	40	0/1
12	94352347	94352381	34	0/1
12	103006138	103006173	35	1/1
12	104485738	104485778	40	1/1
12	104562768	104562842	74	0/1
12	128501002	128501049	47	0/1
12	132169345	132169422	77	0/1
12	132836575	132836622	47	0/1
13	22054457	22054490	33	1/1
13	23383824	23383864	40	0/1
13	27056476	27056509	33	1/1
13	28268517	28268552	35	1/1
13	38015945	38015985	40	1/1
13	38559760	38559794	34	0/1
13	48319609	48319682	73	1/1
13	52643075	52643107	32	1/1
13	55217478	55217512	34	1/1
13	55838758	55838790	32	0/1
13	64121632	64121664	32	1/1
13	64435082	64435125	43	1/1
13	75914419	75914482	63	0/1
13	76722501	76722539	38	1/1
13	85451428	85451467	39	1/1
13	85969543	85969629	86	0/1
13	87111669	87111718	49	0/1
13	93364890	93364943	53	1/1
13	95250736	95250777	41	1/1
13	105177980	105178017	37	0/1
13	105676697	105676729	32	1/1
13	109595609	109595654	45	1/1
13	111124472	111124509	37	0/1
14	22844754	22844791	37	1/1
14	22975047	22975097	50	1/1
14	23024028	23024073	45	1/1
14	29036601	29036648	47	0/1
14	31529169	31529201	32	0/1
14	32952626	32952675	49	1/1
14	35325558	35325590	32	1/1
14	37451095	37451228	133	1/1
14	41951026	41951059	33	0/1
14	43417864	43417897	33	1/1
14	46971677	46971737	60	1/1
14	48554398	48554482	84	0/1
14	50580278	50580326	48	1/1
14	50857191	50857303	112	0/1
14	51710508	51710543	35	1/1
14	52791944	52791987	43	0/1
14	62252584	62252632	48	1/1
14	64151616	64151745	129	1/1
14	76621919	76621951	32	0/1
14	76821242	76821314	72	0/1
14	96046275	96046307	32	0/1
14	106636348	106636385	37	1/1
14	106636723	106636766	43	1/1
14	106714238	106714288	50	1/1
14	106997182	106997228	46	1/1
14	107060744	107060778	34	1/1
14	107281215	107281251	36	1/1
15	41767809	41767908	99	0/1
15	48623248	48623286	38	1/1
15	50731414	50731448	34	0/1
15	59009326	59009376	50	1/1
15	63389039	63389109	70	0/1
15	75116147	75116195	48	1/1
15	78271394	78271437	43	1/1
15	97484881	97484934	53	1/1
16	1858592	1858633	41	1/1
16	2059737	2059779	42	1/1
16	9744240	9744276	36	0/1
16	13731958	13731998	40	0/1
16	13944336	13944438	102	1/1
16	14075622	14075741	119	0/1
16	17593491	17593528	37	0/1
16	25171636	25171687	51	1/1
16	27069286	27069357	71	1/1
16	28286370	28286437	67	0/1
16	28498862	28498982	120	0/1
16	46743190	46743235	45	0/1
16	51940237	51940286	49	1/1
16	53773114	53773148	34	0/1
16	56909667	56909810	143	0/1
16	62797253	62797396	143	0/1
16	67473050	67473176	126	1/1
16	70270257	70270293	36	0/1
17	4939049	4939102	53	1/1
17	5295252	5295302	50	1/1
17	5760875	5760908	33	1/1
17	11648356	11648426	70	0/1
17	12274803	12274920	117	1/1
17	16732278	16732317	39	0/1
17	26696448	26696526	78	0/1
17	26874866	26875015	149	0/1
17	26943526	26943634	108	1/1
17	26943769	26943904	135	1/1
17	26960178	26960298	120	1/1
17	31858091	31858127	36	1/1
17	45179599	45179632	33	1/1
17	52071346	52071378	32	1/1
17	52935323	52935378	55	0/1
17	59864296	59864345	49	1/1
17	61227016	61227056	40	0/1
17	64565445	64565489	44	0/1
17	65260461	65260496	35	1/1
17	66581107	66581157	50	1/1
17	76417990	76418052	62	0/1
17	80836392	80836425	33	1/1
18	1440883	1440995	112	1/1
18	2353418	2353456	38	1/1
18	2472723	2472837	114	1/1
18	3596314	3596396	82	0/1
18	5521686	5521765	79	0/1
18	6462947	6463009	62	1/1
18	6911396	6911429	33	0/1
18	8387732	8387767	35	1/1
18	8972674	8972715	41	1/1
18	29216292	29216330	38	0/1
18	30597631	30597710	79	0/1
18	31815451	31815482	31	0/1
18	51056866	51056909	43	0/1
18	55886827	55886863	36	1/1
18	57229175	57229247	72	1/1
18	58193471	58193507	36	0/1
18	63794271	63794305	34	1/1
18	76721320	76721382	62	0/1
19	2122832	2122898	66	0/1
19	3977452	3977492	40	0/1
19	3983015	3983106	91	0/1
19	5653275	5653348	73	0/1
19	5698896	5698957	61	0/1
19	7494015	7494057	42	0/1
19	7966035	7966150	115	1/1
19	8450547	8450657	110	0/1
19	8582666	8582702	36	1/1
19	13523391	13523473	82	1/1
19	15053184	15053241	57	0/1
19	15318572	15318612	40	1/1
19	17306214	17306281	67	0/1
19	17649512	17649553	41	0/1
19	18273118	18273215	97	0/1
19	20172152	20172186	34	1/1
19	21797368	21797460	92	1/1
19	22281139	22281174	35	1/1
19	23078782	23078827	45	1/1
19	23982446	23982480	34	1/1
19	23984083	23984137	54	1/1
19	32968630	32968703	73	1/1
19	37405897	37405929	32	0/1
19	38183257	38183290	33	0/1
19	39991493	39991537	44	1/1
19	43974844	43974881	37	0/1
19	44521265	44521301	36	1/1
19	49142928	49143017	89	0/1
19	49409198	49409232	34	0/1
20	2387643	2387677	34	0/1
20	11187665	11187709	44	1/1
20	15819533	15819565	32	0/1
20	17723683	17723721	38	1/1
20	22228716	22228755	39	1/1
20	24784151	24784187	36	1/1
20	31117182	31117260	78	1/1
20	33477172	33477305	133	0/1
20	33584826	33584864	38	1/1
20	36353949	36353998	49	1/1
20	42396197	42396252	55	1/1
20	43854148	43854189	41	0/1
20	55026531	55026565	34	1/1
20	55447624	55447671	47	1/1
20	58797457	58797493	36	1/1
20	61297976	61298062	86	0/1
21	16570024	16570085	61	1/1
21	16570085	16570124	39	1/1
21	18954223	18954264	41	1/1
21	19385719	19385765	46	1/1
21	19394099	19394137	38	1/1
21	21848130	21848181	51	0/1
21	22354152	22354206	54	1/1
21	22637713	22637771	58	1/1
21	22667524	22667574	50	1/1
21	22741451	22741482	31	1/1
21	23182889	23182923	34	0/1
21	27367735	27367776	41	1/1
21	27389925	27389961	36	1/1
21	31343762	31343813	51	0/1
21	38051044	38051078	34	1/1
21	38527556	38527593	37	1/1
21	43519739	43519849	110	0/1
21	47510586	47510712	126	0/1
21	47833155	47833275	120	0/1
22	17297215	17297260	45	0/1
22	18245319	18245369	50	0/1
22	18308969	18309034	65	0/1
22	19466214	19466246	32	1/1
22	22885924	22885956	32	1/1
22	23523039	23523082	43	1/1
22	29677357	29677399	42	1/1
22	38453648	38453679	31	1/1
22	40757345	40757490	145	1/1
22	43562065	43562115	50	0/1
22	48400180	48400309	129	1/1
22	49334513	49334557	44	1/1
22	49747009	49747051	42	1/1
X	983114	983154	40	0/1
X	2119657	2119727	70	0/1
X	20069281	20069347	66	0/1
X	33545418	33545456	38	0/1
X	40062691	40062761	70	1/1
X	62134314	62134358	44	0/1
X	108619389	108619420	31	0/1
X	117634672	117634798	126	1/1
X	131665631	131665721	90	0/1
X	139240717	139240855	138	0/1
