1	7531556	7531648	-92	0/1
1	79671084	79671129	-45	0/1
1	85225605	85225747	-142	0/1
1	110830360	110830477	-117	1/1
1	162392078	162392132	-54	0/1
1	164176123	164176221	-98	1/1
1	184601615	184601762	-147	0/1
1	210891706	210891790	-84	0/1
1	234724520	234724629	-109	0/1
2	13033296	13033411	-115	1/1
2	69080009	69080060	-51	0/1
2	86923816	86923875	-59	1/1
2	96858898	96858980	-82	0/1
2	98419000	98419114	-114	1/1
2	111518706	111518783	-77	0/1
2	130428493	130428620	-127	1/1
2	143199716	143199812	-96	1/1
2	148163850	148163994	-144	0/1
2	168837938	168837990	-52	0/1
3	14808412	14808453	-41	0/1
3	15292532	15292618	-86	0/1
3	32764211	32764272	-61	0/1
3	52265013	52265140	-127	1/1
3	52736691	52736782	-91	0/1
3	96013922	96013984	-62	0/1
3	96188175	96188225	-50	0/1
3	128205175	128205235	-60	0/1
3	128622996	128623041	-45	0/1
3	144693111	144693237	-126	1/1
4	5568385	5568459	-74	1/1
4	16388461	16388579	-118	0/1
4	35258520	35258657	-137	0/1
4	41336146	41336264	-118	1/1
4	42308461	42308555	-94	1/1
4	59985387	59985495	-108	1/1
4	64449314	64449384	-70	1/1
4	69203170	69203290	-120	1/1
4	77977258	77977402	-144	0/1
4	83121724	83121791	-67	0/1
4	91859325	91859433	-108	0/1
4	138734533	138734633	-100	0/1
4	174188225	174188358	-133	0/1
5	9566083	9566155	-72	1/1
5	34934531	34934645	-114	1/1
5	56746407	56746514	-107	1/1
5	60233870	60233919	-49	0/1
5	88568931	88569022	-91	0/1
5	94872630	94872747	-117	0/1
5	103125412	103125476	-64	0/1
5	135074716	135074859	-143	1/1
6	30230521	30230592	-71	0/1
6	36122775	36122875	-100	1/1
6	74764042	74764186	-144	1/1
6	107803969	107804047	-78	0/1
6	126342322	126342363	-41	0/1
6	159258508	159258609	-101	1/1
7	24466940	24466998	-58	1/1
7	39077658	39077751	-93	0/1
7	44600182	44600244	-62	0/1
7	89866051	89866121	-70	0/1
7	96770608	96770717	-109	1/1
7	96847122	96847162	-40	0/1
7	108884723	108884848	-125	1/1
7	128588175	128588263	-88	0/1
8	5458070	5458198	-128	0/1
8	8430061	8430156	-95	0/1
8	40101849	40101917	-68	1/1
8	56676278	56676408	-130	1/1
8	60527474	60527591	-117	0/1
8	61945876	61946022	-146	0/1
8	78191135	78191190	-55	0/1
8	144863367	144863419	-52	0/1
9	19550426	19550478	-52	0/1
9	22118489	22118558	-69	0/1
9	22972726	22972772	-46	0/1
9	26319091	26319174	-83	0/1
9	88302481	88302578	-97	1/1
9	104338053	104338121	-68	0/1
9	109672838	109672972	-134	0/1
9	117296753	117296894	-141	1/1
9	130569568	130569698	-130	1/1
9	135110410	135110553	-143	0/1
10	1109558	1109632	-74	1/1
10	13982992	13983039	-47	0/1
10	14187841	14187917	-76	1/1
10	18644558	18644633	-75	0/1
10	30682550	30682631	-81	1/1
10	73256582	73256702	-120	1/1
10	73599341	73599417	-76	1/1
10	86868202	86868244	-42	0/1
10	113559436	113559527	-91	0/1
10	113565060	113565111	-51	0/1
11	5608749	5608808	-59	0/1
11	30699482	30699542	-60	0/1
11	34673157	34673282	-125	1/1
11	35110342	35110424	-82	1/1
11	39482343	39482390	-47	0/1
11	50378550	50378682	-132	0/1
11	64889030	64889118	-88	0/1
11	65732690	65732812	-122	1/1
11	102533952	102534036	-84	1/1
11	112918307	112918392	-85	1/1
11	127456300	127456433	-133	1/1
12	1815491	1815596	-105	0/1
12	4120570	4120604	-34	1/1
12	4139124	4139231	-107	1/1
12	14432561	14432640	-79	0/1
12	22159191	22159248	-57	1/1
12	32900335	32900446	-111	1/1
12	57959787	57959822	-35	0/1
12	71015515	71015626	-111	1/1
12	104485738	104485779	-41	0/1
12	104562769	104562843	-74	0/1
13	48319612	48319683	-71	1/1
13	64435083	64435126	-43	0/1
13	75914421	75914483	-62	0/1
13	93364890	93364944	-54	1/1
14	37451095	37451229	-134	1/1
14	48554398	48554483	-85	0/1
14	56117137	56117285	-148	1/1
14	64151617	64151746	-129	1/1
14	76821244	76821315	-71	0/1
15	63389039	63389110	-71	0/1
16	12076892	12076951	-59	0/1
16	13944336	13944439	-103	1/1
16	14075623	14075742	-119	0/1
16	27069286	27069358	-72	1/1
16	28286371	28286438	-67	0/1
16	28498865	28498983	-118	0/1
16	46743193	46743236	-43	0/1
16	56909676	56909811	-135	0/1
16	67473052	67473177	-125	1/1
16	73114059	73114119	-60	0/1
16	88186842	88186973	-131	0/1
17	2477706	2477824	-118	0/1
17	11648357	11648427	-70	0/1
17	12274804	12274921	-117	1/1
17	26659119	26659166	-47	0/1
17	26696451	26696527	-76	0/1
17	26874867	26875016	-149	0/1
17	26943528	26943635	-107	1/1
17	26943773	26943905	-132	1/1
17	26960180	26960299	-119	1/1
17	45080234	45080336	-102	0/1
17	66581107	66581158	-51	0/1
18	1440883	1440996	-113	1/1
18	2472724	2472838	-114	1/1
18	3596260	3596314	-54	0/1
18	3596315	3596397	-82	0/1
18	5521687	5521766	-79	0/1
18	30597632	30597711	-79	0/1
18	51056866	51056910	-44	0/1
18	57229176	57229248	-72	1/1
18	76721246	76721320	-74	0/1
18	76721321	76721383	-62	0/1
19	2122832	2122899	-67	0/1
19	3983019	3983107	-88	0/1
19	5653277	5653349	-72	0/1
19	5679328	5679412	-84	1/1
19	5698899	5698958	-59	0/1
19	15318572	15318613	-41	0/1
19	17306215	17306282	-67	0/1
19	18273122	18273216	-94	0/1
19	21797368	21797461	-93	1/1
19	40143606	40143691	-85	0/1
19	49142929	49143018	-89	0/1
19	52948969	52949076	-107	1/1
20	11187667	11187710	-43	0/1
20	31117183	31117261	-78	1/1
20	61297976	61298063	-87	0/1
21	43519739	43519850	-111	0/1
22	40757347	40757491	-144	1/1
22	48400182	48400310	-128	1/1
X	2119657	2119728	-71	0/1
X	20069282	20069348	-66	0/1
X	29825253	29825403	-150	0/1
X	40062691	40062762	-71	1/1
X	117634674	117634799	-125	1/1
X	131665633	131665722	-89	0/1
X	139240720	139240856	-136	0/1
