1	1	10500	-10500	1/1
1	177201	227900	-50700	1/1
1	267301	318000	-50700	1/1
1	470901	521600	-50700	1/1
1	2633701	2684600	-50900	1/1
1	3844801	3995700	-150900	1/1
1	7570101	7571500	-1400	0/1
1	10482501	10483800	-1300	0/1
1	11682901	11683200	-300	1/1
1	13052601	13103600	-51000	1/1
1	13219401	13320400	-101000	1/1
1	13556701	13607600	-50900	1/1
1	17125201	17176000	-50800	1/1
1	17676201	17677700	-1500	0/1
1	19427201	19428000	-800	0/1
1	24256901	24362700	-105800	0/1
1	29877701	30028500	-150800	1/1
1	39084201	39085900	-1700	0/1
1	39907001	39907600	-600	1/1
1	55092301	55096000	-3700	0/1
1	60048601	60049600	-1000	0/1
1	62082901	62083700	-800	1/1
1	62113401	62119500	-6100	1/1
1	68008001	68008800	-800	1/1
1	72755701	72764000	-8300	0/1
1	72766301	72811800	-45500	0/1
1	80221801	80223000	-1200	1/1
1	103863501	103914400	-50900	1/1
1	106164401	106201700	-37300	0/1
1	106203301	106215400	-12100	0/1
1	110187201	110191400	-4200	1/1
1	120696701	120747900	-51200	1/1
1	120936301	121087100	-150800	1/1
1	121485001	142535800	-21050800	1/1
1	142730801	142781500	-50700	1/1
1	142923601	142931500	-7900	0/1
1	142931601	142955200	-23600	0/1
1	142967301	143118500	-151200	1/1
1	143292401	143343300	-50900	1/1
1	143427101	143461300	-34200	0/1
1	143544101	143644800	-100700	1/1
1	143770701	143871500	-100800	1/1
1	144095301	144146200	-50900	1/1
1	144224001	144274900	-50900	1/1
1	144401201	144452200	-51000	1/1
1	144622001	144672500	-50500	1/1
1	144710201	144811200	-101000	1/1
1	145832601	145883500	-50900	1/1
1	146135601	146215500	-79900	0/1
1	146252801	146304500	-51700	1/1
1	146307501	146367200	-59700	0/1
1	146367401	146374100	-6700	0/1
1	146374301	146389500	-15200	0/1
1	148025601	148176500	-150900	1/1
1	148361201	148511400	-150200	1/1
1	148683701	148734600	-50900	1/1
1	148845901	148848200	-2300	0/1
1	148954001	149004900	-50900	1/1
1	149459301	149510200	-50900	1/1
1	150239101	150239500	-400	1/1
1	150297501	150298200	-700	1/1
1	152327401	152327900	-500	1/1
1	152555601	152587700	-32100	1/1
1	152760101	152770600	-10500	0/1
1	153133701	153133900	-200	1/1
1	157105501	157106100	-600	1/1
1	158867301	158869900	-2600	0/1
1	159648701	159649600	-900	1/1
1	161011201	161011500	-300	1/1
1	168572301	168574000	-1700	0/1
1	179607301	179608000	-700	1/1
1	183119701	183119900	-200	1/1
1	187716201	187722500	-6300	0/1
1	188539501	188540200	-700	1/1
1	194451101	194454300	-3200	0/1
1	198773701	198775400	-1700	0/1
1	199110001	199113800	-3800	0/1
1	205922301	206073100	-150800	1/1
1	206331901	206482700	-150800	1/1
1	207542001	207545600	-3600	1/1
1	210078101	210086000	-7900	1/1
1	213084101	213086200	-2100	0/1
1	223747501	223798300	-50800	1/1
1	229812501	229820800	-8300	1/1
1	232458601	232460200	-1600	0/1
1	235191801	235242700	-50900	1/1
1	240393001	240394800	-1800	0/1
1	243127801	243129200	-1400	0/1
1	243782701	243783700	-1000	1/1
1	248907801	249058600	-150800	1/1
1	249240201	249250700	-10500	1/1
2	1	10500	-10500	1/1
2	32101	34800	-2700	0/1
2	2798801	2799200	-400	1/1
2	3528801	3579700	-50900	1/1
2	4212701	4223300	-10600	0/1
2	5018301	5119200	-100900	1/1
2	5736001	5737300	-1300	0/1
2	12024601	12024900	-300	1/1
2	16279301	16329800	-50500	1/1
2	17585101	17590600	-5500	0/1
2	21152701	21178700	-26000	1/1
2	31725501	31727200	-1700	0/1
2	32750101	32750500	-400	1/1
2	33091701	33093600	-1900	1/1
2	33141501	33143100	-1600	1/1
2	33224101	33227300	-3200	0/1
2	34695801	34736500	-40700	0/1
2	41110201	41110700	-500	1/1
2	42346401	42347400	-1000	0/1
2	44466901	44468800	-1900	0/1
2	51224601	51225500	-900	0/1
2	52749701	52785300	-35600	0/1
2	56652201	56655900	-3700	0/1
2	66505301	66508900	-3600	0/1
2	79076601	79081200	-4600	0/1
2	87667701	87718700	-51000	1/1
2	89630001	89830800	-200800	1/1
2	90321001	90371900	-50900	1/1
2	90544601	91595600	-1051000	1/1
2	92325701	95326600	-3000900	1/1
2	96858201	96858800	-600	1/1
2	96860801	96861100	-300	1/1
2	97817801	97822200	-4400	0/1
2	97854301	97856200	-1900	1/1
2	106695101	106695900	-800	1/1
2	110108901	110251400	-142500	1/1
2	113414801	113416500	-1700	0/1
2	116501201	116503400	-2200	0/1
2	117799901	117800900	-1000	0/1
2	123364901	123365300	-400	1/1
2	124170301	124170600	-300	1/1
2	126378601	126385300	-6700	0/1
2	130954901	130957900	-3000	0/1
2	149690201	149791000	-100800	1/1
2	154895801	154899200	-3400	0/1
2	159298601	159299200	-600	1/1
2	166014701	166016800	-2100	0/1
2	173554501	173556200	-1700	0/1
2	178287601	178288100	-500	1/1
2	180065401	180081900	-16500	0/1
2	189119601	189120900	-1300	0/1
2	190095901	190102900	-7000	0/1
2	196214801	196215200	-400	1/1
2	200312501	200312700	-200	1/1
2	202552001	202554400	-2400	0/1
2	209104001	209104600	-600	1/1
2	215728801	215730800	-2000	1/1
2	216243001	216243800	-800	1/1
2	217955801	217957200	-1400	0/1
2	220052301	220056000	-3700	1/1
2	223781201	223783000	-1800	0/1
2	229264301	229268300	-4000	0/1
2	233214201	233224400	-10200	0/1
2	234003301	234054200	-50900	1/1
2	239500401	239501700	-1300	0/1
2	239801601	239832400	-30800	1/1
2	240783701	240809600	-25900	1/1
2	243102101	243152900	-50800	1/1
2	243188901	243199400	-10500	1/1
3	1	60400	-60400	1/1
3	229001	234400	-5400	0/1
3	1782201	1788500	-6300	0/1
3	13681201	13682300	-1100	0/1
3	16305701	16306300	-600	1/1
3	18730001	18730800	-800	0/1
3	20311201	20317700	-6500	0/1
3	26451001	26452300	-1300	0/1
3	31666601	31667400	-800	1/1
3	32806701	32808000	-1300	1/1
3	41336701	41337200	-500	1/1
3	47490701	47493400	-2700	1/1
3	50098701	50098900	-200	1/1
3	55238701	55239400	-700	1/1
3	66169801	66270800	-101000	1/1
3	68464401	68464800	-400	1/1
3	68634801	68640200	-5400	0/1
3	75616101	75642100	-26000	0/1
3	75642201	75676200	-34000	0/1
3	75676401	75780200	-103800	0/1
3	78779401	78779700	-300	1/1
3	80971301	80971500	-200	1/1
3	90504701	93505200	-3000500	1/1
3	95465601	95467900	-2300	0/1
3	96095401	96096400	-1000	0/1
3	97631501	97632300	-800	1/1
3	98410601	98412200	-1600	0/1
3	98412401	98414700	-2300	0/1
3	98899101	98902400	-3300	1/1
3	98943801	98949500	-5700	0/1
3	111243701	111248900	-5200	0/1
3	118281601	118281800	-200	1/1
3	124936301	124937100	-800	0/1
3	131965301	131965600	-300	1/1
3	132221301	132222000	-700	1/1
3	136021001	136026200	-5200	1/1
3	155235001	155236000	-1000	0/1
3	162717301	162723600	-6300	0/1
3	172060901	172061900	-1000	1/1
3	177294501	177297500	-3000	0/1
3	177381301	177385600	-4300	0/1
3	189737401	189740500	-3100	0/1
3	191264301	191266300	-2000	0/1
3	192304901	192312800	-7900	0/1
3	192875301	192885400	-10100	1/1
3	194041601	194047700	-6100	1/1
3	196934401	196939200	-4800	0/1
3	197843901	197850200	-6300	0/1
3	197961901	198022500	-60600	1/1
4	1	10100	-10100	1/1
4	1422701	1479100	-56400	1/1
4	8798701	8818700	-20000	1/1
4	8976901	9000700	-23800	0/1
4	9158101	9228000	-69900	1/1
4	9230401	9232000	-1600	1/1
4	9274101	9325200	-51100	1/1
4	9458001	9482300	-24300	0/1
4	10211201	10234500	-23300	0/1
4	10392401	10402200	-9800	0/1
4	11525601	11525900	-300	1/1
4	31820501	31837900	-17400	1/1
4	32834201	32841000	-6800	1/1
4	34780001	34829000	-49000	1/1
4	40296101	40297500	-1400	1/1
4	46202801	46205000	-2200	0/1
4	49338401	49489200	-150800	1/1
4	49659701	52660600	-3000900	1/1
4	57761101	57761500	-400	1/1
4	59738801	59789800	-51000	1/1
4	61330101	61333200	-3100	1/1
4	63669401	63676100	-6700	0/1
4	64694301	64714400	-20100	0/1
4	75426901	75452700	-25800	1/1
4	86976301	86980000	-3700	0/1
4	91931601	91935800	-4200	0/1
4	107056501	107063300	-6800	0/1
4	109721101	109722300	-1200	0/1
4	113646401	113646600	-200	1/1
4	119125401	119130200	-4800	0/1
4	122282001	122290000	-8000	0/1
4	133180301	133182900	-2600	0/1
4	133445401	133445700	-300	1/1
4	135433001	135435700	-2700	1/1
4	145316401	145319900	-3500	0/1
4	146438801	146440400	-1600	0/1
4	146919601	146927700	-8100	1/1
4	152252201	152254000	-1800	0/1
4	156849601	156850700	-1100	0/1
4	157305301	157306800	-1500	0/1
4	172374401	172379400	-5000	1/1
4	172988601	172992900	-4300	1/1
4	174533001	174535900	-2900	0/1
4	186441701	186444100	-2400	1/1
4	187614501	187614800	-300	1/1
4	187971301	187972700	-1400	0/1
4	190922401	191013800	-91400	0/1
4	191044201	191154300	-110100	1/1
5	1	10100	-10100	1/1
5	1178301	1180700	-2400	1/1
5	10003201	10007400	-4200	0/1
5	10273201	10275400	-2200	1/1
5	12811001	12820500	-9500	1/1
5	16124801	16125500	-700	0/1
5	17530201	17581100	-50900	1/1
5	19375301	19376400	-1100	0/1
5	26796701	26801900	-5200	1/1
5	46405201	49406100	-3000900	1/1
5	62687501	62687700	-200	1/1
5	65028101	65030400	-2300	0/1
5	82063501	82066200	-2700	0/1
5	83947901	83955500	-7600	1/1
5	91635701	91686600	-50900	1/1
5	98839901	98842900	-3000	0/1
5	106323001	106326700	-3700	0/1
5	113156601	113172800	-16200	0/1
5	113434101	113434700	-600	1/1
5	119380101	119382700	-2600	0/1
5	121296401	121296900	-500	1/1
5	121355001	121355800	-800	1/1
5	127336001	127336900	-900	0/1
5	127407501	127410900	-3400	0/1
5	136854701	136856400	-1700	1/1
5	138786601	138837500	-50900	1/1
5	140957901	140958100	-200	1/1
5	146622701	146623100	-400	1/1
5	147819401	147820000	-600	1/1
5	153805301	153807200	-1900	0/1
5	155138301	155189200	-50900	1/1
5	161958201	161958500	-300	1/1
5	170129801	170131500	-1700	0/1
5	177331301	177332600	-1300	0/1
5	177341301	177346900	-5600	0/1
5	178106901	178113700	-6800	0/1
5	178348301	178353200	-4900	0/1
5	180375501	180431000	-55500	0/1
5	180569301	180569900	-600	1/1
5	180904801	180915300	-10500	1/1
6	1	60400	-60400	1/1
6	90201	202400	-112200	0/1
6	16884901	16886100	-1200	0/1
6	19041201	19049500	-8300	0/1
6	29843101	29849100	-6000	1/1
6	31279001	31288600	-9600	0/1
6	32461301	32468800	-7500	1/1
6	32480601	32481100	-500	1/1
6	32514901	32516200	-1300	1/1
6	33583301	33585800	-2500	0/1
6	33937801	33942700	-4900	0/1
6	35626401	35629700	-3300	1/1
6	38537901	38538500	-600	1/1
6	41920801	41922100	-1300	0/1
6	42837501	42839300	-1800	0/1
6	53928701	53934700	-6000	0/1
6	58087201	58138100	-50900	1/1
6	58779701	61880600	-3100900	1/1
6	62128101	62179000	-50900	1/1
6	62199701	62206500	-6800	1/1
6	69138601	69139400	-800	0/1
6	72863901	72873500	-9600	0/1
6	74592101	74602600	-10500	0/1
6	77097501	77102600	-5100	1/1
6	78967201	79036300	-69100	0/1
6	79521101	79530700	-9600	0/1
6	86623901	86625800	-1900	1/1
6	95193301	95194300	-1000	1/1
6	95680101	95831200	-151100	1/1
6	100034501	100035300	-800	1/1
6	101934501	101939000	-4500	0/1
6	103737401	103740200	-2800	0/1
6	103740401	103762900	-22500	0/1
6	137313701	137314200	-500	1/1
6	141548701	141549900	-1200	0/1
6	157558801	157609900	-51100	1/1
6	157640901	157691800	-50900	1/1
6	161276601	161279200	-2600	0/1
6	165724501	165732100	-7600	0/1
6	167941701	168042600	-100900	1/1
6	170279501	170330400	-50900	1/1
6	171054701	171115100	-60400	1/1
7	1	10400	-10400	1/1
7	232101	283100	-51000	1/1
7	9676101	9679600	-3500	0/1
7	19646601	19646800	-200	1/1
7	26137001	26145500	-8500	0/1
7	42004601	42005100	-500	1/1
7	50370201	50410900	-40700	1/1
7	56761801	56769900	-8100	0/1
7	58053901	61054800	-3000900	1/1
7	61310101	61360900	-50800	1/1
7	61460001	61510900	-50900	1/1
7	61676501	61727100	-50600	1/1
7	61916701	61967600	-50900	1/1
7	64425501	64425900	-400	1/1
7	65589701	65591900	-2200	0/1
7	73549601	73551000	-1400	1/1
7	73828401	73831400	-3000	0/1
7	74715201	74766200	-51000	1/1
7	76133801	76134700	-900	0/1
7	76702101	76708100	-6000	0/1
7	76870501	76870800	-300	1/1
7	79961001	79966500	-5500	0/1
7	81441601	81442400	-800	1/1
7	84153301	84154200	-900	1/1
7	89519901	89530500	-10600	0/1
7	93541801	93542500	-700	1/1
7	96478501	96481500	-3000	0/1
7	96543301	96546500	-3200	0/1
7	97395101	97402600	-7500	0/1
7	100555501	100606100	-50600	1/1
7	101059401	101060300	-900	0/1
7	101382501	101383900	-1400	0/1
7	106583101	106584000	-900	1/1
7	109436701	109453900	-17200	1/1
7	110182001	110188400	-6400	1/1
7	111460901	111461300	-400	1/1
7	126045901	126051400	-5500	1/1
7	130154001	130255000	-101000	1/1
7	133785101	133798300	-13200	0/1
7	139378901	139404800	-25900	1/1
7	140189201	140190100	-900	1/1
7	142047701	142098700	-51000	1/1
7	142275701	142326600	-50900	1/1
7	142475601	142486200	-10600	0/1
7	143347401	143398200	-50800	1/1
7	148701301	148702200	-900	0/1
7	151230201	151231800	-1600	1/1
7	152574801	152580400	-5600	0/1
7	154270201	154371200	-101000	1/1
7	158154101	158155300	-1200	1/1
7	159128601	159138700	-10100	1/1
8	1	10100	-10100	1/1
8	549201	549600	-400	1/1
8	594401	599400	-5000	0/1
8	1296701	1297800	-1100	0/1
8	4122601	4125200	-2600	0/1
8	7474201	7525100	-50900	1/1
8	7776801	7782400	-5600	0/1
8	12091401	12142400	-51000	1/1
8	17065701	17067400	-1700	0/1
8	21625301	21638200	-12900	0/1
8	21639501	21661700	-22200	0/1
8	24972401	24990900	-18500	1/1
8	25614301	25614700	-400	1/1
8	40774401	40779800	-5400	0/1
8	42190401	42194400	-4000	1/1
8	43838401	46839300	-3000900	1/1
8	47405901	47407900	-2000	0/1
8	48130101	48135700	-5600	1/1
8	48180601	48214500	-33900	0/1
8	48226301	48230500	-4200	0/1
8	49093401	49094000	-600	1/1
8	64098001	65201800	-1103800	0/1
8	67120801	67121700	-900	0/1
8	82045001	82046600	-1600	0/1
8	86576001	86726800	-150800	1/1
8	97243301	97244000	-700	1/1
8	112294101	112297100	-3000	1/1
8	114056501	114058800	-2300	0/1
8	118873801	118875400	-1600	0/1
8	124186001	124186400	-400	1/1
8	138743001	138743800	-800	1/1
8	142766001	142816800	-50800	1/1
8	145332401	145433000	-100600	1/1
8	145649701	145650100	-400	1/1
8	146057001	146057900	-900	0/1
8	146303601	146364100	-60500	1/1
9	1	10400	-10400	1/1
9	4376401	4377600	-1200	0/1
9	10404601	10405100	-500	1/1
9	11846201	11846700	-500	1/1
9	15815301	15821900	-6600	0/1
9	22496501	22504300	-7800	1/1
9	23362801	23377700	-14900	0/1
9	28846401	28847600	-1200	0/1
9	39663601	39714100	-50500	1/1
9	39974201	40025300	-51100	1/1
9	40232601	40283500	-50900	1/1
9	40425301	40476400	-51100	1/1
9	40939901	40990800	-50900	1/1
9	41142701	41193600	-50900	1/1
9	41365401	41416000	-50600	1/1
9	42613501	42664500	-51000	1/1
9	43213201	43314200	-101000	1/1
9	43946101	43997300	-51200	1/1
9	44452301	44638700	-186400	0/1
9	44676201	44727000	-50800	1/1
9	44908001	44958700	-50700	1/1
9	45249801	45350700	-100900	1/1
9	45815001	45866000	-51000	1/1
9	46216001	46266800	-50800	1/1
9	46460501	46561500	-101000	1/1
9	47059701	47160700	-101000	1/1
9	47317201	65468100	-18150900	1/1
9	65918101	65968800	-50700	1/1
9	66191701	66242700	-51000	1/1
9	66404201	66455100	-50900	1/1
9	66614101	66664600	-50500	1/1
9	66862901	66913800	-50900	1/1
9	67107401	67208300	-100900	1/1
9	67365801	67516700	-150900	1/1
9	67987501	68138400	-150900	1/1
9	68513701	68664600	-150900	1/1
9	68838501	68989100	-150600	1/1
9	69277901	69328800	-50900	1/1
9	70010101	70061000	-50900	1/1
9	70218201	70319300	-101100	1/1
9	70506001	70557000	-51000	1/1
9	70734901	70835900	-101000	1/1
9	71895401	71896600	-1200	0/1
9	74449001	74449900	-900	0/1
9	91708701	91785100	-76400	0/1
9	92343001	92443900	-100900	1/1
9	92528401	92679300	-150900	1/1
9	95656901	95657200	-300	1/1
9	96323501	96324500	-1000	1/1
9	96500101	96503000	-2900	0/1
9	98461301	98465100	-3800	0/1
9	104219701	104220400	-700	1/1
9	115444201	115445200	-1000	0/1
9	121420901	121423700	-2800	0/1
9	129520401	129523200	-2800	0/1
9	130233801	130234500	-700	1/1
9	130868801	130869300	-500	1/1
9	133072601	133223500	-150900	1/1
9	136417201	136452900	-35700	0/1
9	136625201	136626300	-1100	0/1
9	137040701	137091600	-50900	1/1
9	138214101	138217600	-3500	0/1
9	139166701	139217500	-50800	1/1
9	141153001	141213500	-60500	1/1
10	1	60500	-60500	1/1
10	7077101	7078300	-1200	1/1
10	14241501	14242500	-1000	0/1
10	16049001	16049600	-600	1/1
10	17310701	17315500	-4800	0/1
10	17974301	18025100	-50800	1/1
10	18503101	18503600	-500	1/1
10	26999001	27002100	-3100	0/1
10	32553501	32554300	-800	0/1
10	38818501	38869300	-50800	1/1
10	39154501	42355400	-3200900	1/1
10	42546201	42597100	-50900	1/1
10	46426901	46477400	-50500	1/1
10	47428701	47529600	-100900	1/1
10	47792101	47892900	-100800	1/1
10	48055201	48106100	-50900	1/1
10	49095001	49196000	-101000	1/1
10	51136901	51187900	-51000	1/1
10	51398401	51449500	-51100	1/1
10	53386501	53387100	-600	1/1
10	56682801	56684300	-1500	0/1
10	59209801	59211800	-2000	0/1
10	59875401	59934700	-59300	0/1
10	59934901	59938000	-3100	0/1
10	59938201	60653100	-714900	0/1
10	62305301	62305600	-300	1/1
10	63080301	63081000	-700	1/1
10	66398701	66400700	-2000	0/1
10	70068201	70070600	-2400	0/1
10	74833601	74834600	-1000	1/1
10	85522701	85523900	-1200	0/1
10	102911601	102912200	-600	1/1
10	107137101	107139200	-2100	0/1
10	107253001	107253300	-300	1/1
10	107950701	107951600	-900	1/1
10	108030301	108032500	-2200	0/1
10	111572901	111574800	-1900	0/1
10	122226701	122228800	-2100	1/1
10	125869001	125920000	-51000	1/1
10	128615601	128766600	-151000	1/1
10	132988701	132991200	-2500	0/1
10	133380901	133431500	-50600	1/1
10	133677101	133727600	-50500	1/1
10	135524701	135534800	-10100	1/1
11	1	60500	-60500	1/1
11	1162301	1213200	-50900	1/1
11	4968101	4976400	-8300	0/1
11	5521601	5523200	-1600	0/1
11	11538001	11538500	-500	1/1
11	14180401	14181900	-1500	1/1
11	29007201	29012800	-5600	0/1
11	31393801	31397600	-3800	0/1
11	34186901	34188800	-1900	0/1
11	34188901	34189400	-500	1/1
11	43909601	43909900	-300	1/1
11	45429801	45431600	-1800	0/1
11	46161001	46162400	-1400	0/1
11	50135901	50136600	-700	0/1
11	50783401	51091400	-308000	1/1
11	51593701	54694700	-3101000	1/1
11	54885401	54892300	-6900	0/1
11	64888501	64889000	-500	1/1
11	65088401	65089300	-900	1/1
11	69089301	69140300	-51000	1/1
11	69400901	69401400	-500	1/1
11	69717501	69779600	-62100	1/1
11	69780601	69788400	-7800	0/1
11	74024901	74027400	-2500	0/1
11	74880801	74883400	-2600	0/1
11	87687601	87738800	-51200	1/1
11	88964501	88967900	-3400	1/1
11	90193701	90196000	-2300	0/1
11	92771901	92773300	-1400	0/1
11	96001901	96003300	-1400	0/1
11	96287101	96437900	-150800	1/1
11	117100601	117101000	-400	1/1
11	123144901	123150500	-5600	0/1
11	134946001	135006600	-60600	1/1
12	1	60100	-60100	1/1
12	95601	146200	-50600	1/1
12	7189801	7240400	-50600	1/1
12	9016901	9017900	-1000	1/1
12	9722001	9723000	-1000	1/1
12	19726501	19727000	-500	1/1
12	34856601	37856900	-3000300	1/1
12	41183201	41183500	-300	1/1
12	69991901	69992100	-200	1/1
12	70872301	70878200	-5900	0/1
12	71602401	71604500	-2100	0/1
12	76783601	76784200	-600	1/1
12	84593101	84596000	-2900	1/1
12	94889001	94889300	-300	1/1
12	95344401	95345000	-600	1/1
12	104555601	104556100	-500	1/1
12	109373201	109423500	-50300	1/1
12	112228401	112229100	-700	1/1
12	121965001	121965300	-300	1/1
12	122530501	122580700	-50200	1/1
12	132706501	132807100	-100600	1/1
12	133841801	133851900	-10100	1/1
13	1	19020400	-19020400	1/1
13	19067901	19068200	-300	1/1
13	20825501	20828800	-3300	0/1
13	23632501	23637300	-4800	0/1
13	27050101	27052200	-2100	1/1
13	38071801	38085600	-13800	0/1
13	39057301	39060200	-2900	1/1
13	41245201	43859400	-2614200	0/1
13	43859601	44945900	-1086300	0/1
13	44946101	46784800	-1838700	0/1
13	46785001	49040200	-2255200	0/1
13	49044601	50502900	-1458300	0/1
13	56037001	56037900	-900	1/1
13	69244701	69268800	-24100	0/1
13	72477301	72480600	-3300	0/1
13	72842701	72846900	-4200	0/1
13	81857001	81859300	-2300	0/1
13	86759901	86910800	-150900	1/1
13	89800001	89800300	-300	1/1
13	94743901	94744600	-700	1/1
13	99254201	99258400	-4200	0/1
13	104091801	104092200	-400	1/1
13	108947001	108951800	-4800	0/1
13	109163901	109165100	-1200	0/1
13	112353501	112504400	-150900	1/1
13	114325501	114426400	-100900	1/1
13	114639501	114740500	-101000	1/1
13	115007801	115008700	-900	1/1
13	115009501	115010300	-800	1/1
13	115109501	115169900	-60400	1/1
14	1	19000300	-19000300	1/1
14	23922301	23922600	-300	1/1
14	28561601	28562200	-600	1/1
14	35428801	35432400	-3600	0/1
14	42987501	42993000	-5500	0/1
14	54710401	54713700	-3300	0/1
14	55004901	55005200	-300	1/1
14	56107901	56108400	-500	1/1
14	60341401	60343300	-1900	0/1
14	61058101	61059500	-1400	0/1
14	65119301	65120000	-700	1/1
14	78295001	78297100	-2100	0/1
14	80106301	80115000	-8700	0/1
14	83337501	83339200	-1700	0/1
14	85297101	85302100	-5000	1/1
14	87052901	87054500	-1600	0/1
14	91581501	91583300	-1800	0/1
14	105415301	105418400	-3100	0/1
14	106330901	106354400	-23500	1/1
14	106804901	106807700	-2800	0/1
14	107289501	107349600	-60100	1/1
15	1	20000500	-20000500	1/1
15	20894201	20935500	-41300	1/1
15	21398301	21885400	-487100	1/1
15	22211701	22262600	-50900	1/1
15	22595701	22646400	-50700	1/1
15	23514501	23565300	-50800	1/1
15	24672101	24715200	-43100	0/1
15	24715301	24722700	-7400	0/1
15	25116801	25118600	-1800	0/1
15	29159401	29209900	-50500	1/1
15	35531101	35536000	-4900	0/1
15	39372301	39373600	-1300	0/1
15	39744401	39744800	-400	1/1
15	41981901	41992500	-10600	0/1
15	42146301	42147500	-1200	0/1
15	44137101	44138900	-1800	0/1
15	49421801	49422900	-1100	0/1
15	50902101	50903300	-1200	0/1
15	51216201	51217300	-1100	0/1
15	55218301	55223500	-5200	0/1
15	62706101	62707800	-1700	0/1
15	64196501	64197500	-1000	0/1
15	65816101	65819400	-3300	0/1
15	66742601	66743300	-700	0/1
15	71023601	71027500	-3900	0/1
15	71881601	71883000	-1400	0/1
15	77330801	77332900	-2100	1/1
15	78008501	78012600	-4100	0/1
15	79227401	79228000	-600	1/1
15	82829201	82880100	-50900	1/1
15	84984001	85035100	-51100	1/1
15	86568101	86568300	-200	1/1
15	91981601	91989200	-7600	0/1
15	99574501	99575600	-1100	1/1
15	99656601	99657400	-800	0/1
15	100416701	100423300	-6600	0/1
15	102520801	102531400	-10600	1/1
16	1	60400	-60400	1/1
16	2012201	2012600	-400	1/1
16	2647301	2647600	-300	1/1
16	8636401	8687400	-51000	1/1
16	8755201	8756900	-1700	0/1
16	11683701	11685300	-1600	0/1
16	13294501	13295900	-1400	0/1
16	16934501	16938300	-3800	0/1
16	18726101	18727400	-1300	0/1
16	18834101	18837600	-3500	0/1
16	19945601	19967600	-22000	1/1
16	23760401	23762300	-1900	0/1
16	25204901	25207800	-2900	0/1
16	25340101	25343100	-3000	0/1
16	31276801	31277100	-300	1/1
16	34023101	34173600	-150500	1/1
16	35285401	46385900	-11100500	1/1
16	48508901	48511400	-2500	1/1
16	57725401	57727800	-2400	0/1
16	58647201	58650300	-3100	0/1
16	70574001	70575000	-1000	1/1
16	74094501	74106900	-12400	0/1
16	76539101	76544000	-4900	1/1
16	78371701	78384900	-13200	0/1
16	78782201	78782800	-600	1/1
16	78876701	78877500	-800	0/1
16	80976501	80983300	-6800	0/1
16	84490001	84491600	-1600	0/1
16	85149501	85150100	-600	1/1
16	85302501	85304400	-1900	0/1
16	88388901	88439800	-50900	1/1
16	90294301	90354800	-60500	1/1
17	296201	397200	-101000	1/1
17	801601	802300	-700	1/1
17	1912701	1913600	-900	0/1
17	2043401	2043900	-500	1/1
17	3734801	3735900	-1100	1/1
17	4515201	4515500	-300	1/1
17	14188701	14191200	-2500	0/1
17	20611001	20614400	-3400	0/1
17	21566101	21666900	-100800	1/1
17	21670801	21699900	-29100	0/1
17	22262501	25263400	-3000900	1/1
17	25562001	25562300	-300	1/1
17	32583401	32583700	-300	1/1
17	32683601	32684500	-900	0/1
17	34675401	34726300	-50900	1/1
17	36963501	36965100	-1600	1/1
17	39421901	39432400	-10500	0/1
17	47351801	47353100	-1300	0/1
17	49624001	49627000	-3000	0/1
17	55089701	55092900	-3200	0/1
17	62213201	62214200	-1000	1/1
17	62410201	62461100	-50900	1/1
17	74783201	74788300	-5100	0/1
17	77462701	77491200	-28500	0/1
17	77492001	77494300	-2300	0/1
17	77546001	77596900	-50900	1/1
17	79470501	79471500	-1000	0/1
17	79479401	79479700	-300	1/1
17	79708601	79759100	-50500	1/1
17	81110401	81150600	-40200	0/1
18	1	10400	-10400	1/1
18	10792801	10793000	-200	1/1
18	11509701	11511500	-1800	0/1
18	15410401	18511300	-3100900	1/1
18	21990701	21992000	-1300	0/1
18	23747801	23751300	-3500	0/1
18	23763001	23766100	-3100	0/1
18	24959501	24959700	-200	1/1
18	35306101	35306600	-500	1/1
18	43775501	43777000	-1500	0/1
18	46979001	46979600	-600	1/1
18	51206001	51210500	-4500	0/1
18	52058701	52209600	-150900	1/1
18	58501301	58501700	-400	1/1
18	64959001	64967300	-8300	0/1
18	68414201	68416800	-2600	0/1
18	72282901	72333800	-50900	1/1
18	75721401	75772300	-50900	1/1
18	78013401	78013600	-200	1/1
18	78017001	78077300	-60300	1/1
19	1	60400	-60400	1/1
19	565801	569400	-3600	0/1
19	3369301	3370500	-1200	0/1
19	3716001	3717500	-1500	0/1
19	4560701	4562900	-2200	0/1
19	4860001	4861300	-1300	0/1
19	5509801	5510900	-1100	0/1
19	5707201	5707700	-500	1/1
19	7345701	7396400	-50700	1/1
19	8614001	8615000	-1000	1/1
19	8686801	8737600	-50800	1/1
19	10997001	10997300	-300	1/1
19	12556601	12558300	-1700	0/1
19	12694901	12698800	-3900	0/1
19	13775701	13776800	-1100	0/1
19	15046401	15049700	-3300	0/1
19	15785501	15787000	-1500	1/1
19	15789201	15790300	-1100	0/1
19	18286501	18287900	-1400	0/1
19	18288101	18288500	-400	1/1
19	18507101	18509600	-2500	0/1
19	19834401	19839600	-5200	1/1
19	20523001	20573800	-50800	1/1
19	21513901	21514100	-200	1/1
19	21824001	21834000	-10000	1/1
19	23805701	23808400	-2700	0/1
19	23893401	23895500	-2100	0/1
19	24631301	27732200	-3100900	1/1
19	27831201	27836700	-5500	0/1
19	31287401	31289800	-2400	0/1
19	37460701	37461300	-600	1/1
19	38331901	38333800	-1900	0/1
19	40388301	40404600	-16300	0/1
19	48886601	48887500	-900	0/1
19	50075101	50120300	-45200	0/1
19	52888801	52891400	-2600	0/1
19	53086201	53086600	-400	1/1
19	54555001	54562400	-7400	0/1
19	55228201	55245600	-17400	0/1
19	55290601	55326500	-35900	0/1
19	59118601	59129000	-10400	1/1
20	1	60300	-60300	1/1
20	1561001	1594200	-33200	0/1
20	2637201	2637400	-200	1/1
20	3669301	3669800	-500	1/1
20	3671901	3673900	-2000	0/1
20	4840001	4842600	-2600	0/1
20	7398701	7403600	-4900	0/1
20	15301701	15303800	-2100	1/1
20	16845001	16845300	-300	1/1
20	19153201	19153700	-500	1/1
20	23103301	23103600	-300	1/1
20	23410801	23412200	-1400	0/1
20	24903701	24904400	-700	1/1
20	26319101	29420000	-3100900	1/1
20	29653501	29804300	-150800	1/1
20	33241801	33244300	-2500	0/1
20	34896701	34947500	-50800	1/1
20	38093501	38094300	-800	1/1
20	42271901	42274700	-2800	0/1
20	43129101	43129700	-600	1/1
20	43132601	43133400	-800	1/1
20	43135501	43135800	-300	1/1
20	43140001	43141600	-1600	0/1
20	44098501	44099000	-500	1/1
20	44751001	44751200	-200	1/1
20	46294101	46294600	-500	1/1
20	50759201	50760900	-1700	0/1
20	61091001	61141900	-50900	1/1
20	61212901	61263800	-50900	1/1
20	61304301	61305100	-800	1/1
20	61724701	61725600	-900	1/1
20	62825801	62829200	-3400	0/1
20	62949701	62959200	-9500	1/1
20	62965101	63025600	-60500	1/1
21	1	9411600	-9411600	1/1
21	9428101	9462600	-34500	0/1
21	9462801	9503900	-41100	0/1
21	9504101	9571000	-66900	0/1
21	9595101	9645900	-50800	1/1
21	9679301	9721500	-42200	0/1
21	9775001	9825800	-50800	1/1
21	10034501	10085400	-50900	1/1
21	10088501	10136000	-47500	0/1
21	10214601	10399900	-185300	1/1
21	10647501	10698300	-50800	1/1
21	11002301	11021100	-18800	0/1
21	11187601	14338600	-3151000	1/1
21	14958501	15021900	-63400	0/1
21	15027901	15199900	-172000	0/1
21	19326601	19329200	-2600	0/1
21	33009101	33011800	-2700	0/1
21	38768301	38769000	-700	1/1
21	42955201	43006000	-50800	1/1
21	43091601	43095700	-4100	0/1
21	43226401	43227400	-1000	1/1
21	43248901	43251300	-2400	1/1
21	44632201	44699500	-67300	1/1
21	44701501	44710000	-8500	0/1
21	47388001	47389700	-1700	1/1
21	47625901	47626600	-700	1/1
21	48119401	48129900	-10500	1/1
22	1	16050300	-16050300	1/1
22	16074401	16113400	-39000	0/1
22	16697401	16848300	-150900	1/1
22	16962401	17003600	-41200	0/1
22	17157001	17195800	-38800	0/1
22	17240301	17278300	-38000	0/1
22	18057701	18060500	-2800	1/1
22	20509001	20609500	-100500	1/1
22	20713501	20714300	-800	0/1
22	24276401	24279200	-2800	1/1
22	24343201	24397800	-54600	0/1
22	25415301	25453500	-38200	0/1
22	28217501	28255500	-38000	0/1
22	29736901	29737500	-600	1/1
22	31045501	31046300	-800	0/1
22	33051101	33090400	-39300	0/1
22	35007801	35010800	-3000	0/1
22	36680601	36681200	-600	0/1
22	37143201	37147900	-4700	1/1
22	37707101	37707500	-400	1/1
22	39294101	39298700	-4600	1/1
22	39788401	39789400	-1000	1/1
22	40760401	40760900	-500	1/1
22	41533801	41536100	-2300	0/1
22	50364401	50415200	-50800	1/1
22	50654301	50655100	-800	1/1
22	51244101	51304600	-60500	1/1
X	1	60100	-60100	1/1
X	94801	144900	-50100	1/1
X	231301	281400	-50100	1/1
X	1047501	1097600	-50100	1/1
X	1134101	1184100	-50000	1/1
X	1264201	1314300	-50100	1/1
X	2068201	2118300	-50100	1/1
X	7623401	7674400	-51000	1/1
X	10738201	10789100	-50900	1/1
X	11727401	11731300	-3900	0/1
X	30351901	30352200	-300	1/1
X	37097801	37148700	-50900	1/1
X	40539401	40540000	-600	1/1
X	41200901	41201700	-800	1/1
X	49242501	49293500	-51000	1/1
X	49973801	50024200	-50400	1/1
X	52395501	52446400	-50900	1/1
X	58581501	61682100	-3100600	1/1
X	71090901	71104800	-13900	0/1
X	76653201	76704200	-51000	1/1
X	76841401	77078200	-236800	0/1
X	113517301	113568100	-50800	1/1
X	115682201	115732600	-50400	1/1
X	120012801	120063700	-50900	1/1
X	143506901	143557400	-50500	1/1
X	148906001	148956900	-50900	1/1
X	149031601	149082100	-50500	1/1
X	150501601	150504500	-2900	0/1
X	152276701	152327500	-50800	1/1
X	155260501	155270600	-10100	1/1
Y	1	2649500	-2649500	1/1
Y	8914501	8965000	-50500	1/1
Y	9240901	9291800	-50900	1/1
Y	10104301	13105000	-3000700	1/1
Y	13143501	13194400	-50900	1/1
Y	13748201	13799000	-50800	1/1
Y	20143401	20194500	-51100	1/1
Y	22369201	22420100	-50900	1/1
Y	23900801	23951900	-51100	1/1
Y	28819301	58819900	-30000600	1/1
Y	58917201	58968100	-50900	1/1
Y	59034001	59373600	-339600	1/1
MT	1	16600	-16600	1/1
