1	3082623	99818179	96735556	1/1
1	6604037	6604420	383	0/1
1	7412663	7412996	333	1/1
1	7570070	7571511	1441	0/1
1	10482480	10483780	1300	0/1
1	10497527	10497825	298	0/1
1	10705147	10705378	231	0/1
1	11682892	11683186	294	1/1
1	14436350	14436656	306	0/1
1	18222432	18222751	319	1/1
1	19427066	19428013	947	0/1
1	20497189	20497738	549	0/1
1	30521099	30521680	581	0/1
1	31648814	31650578	1764	0/1
1	37816471	37816711	240	0/1
1	39084269	39085826	1557	0/1
1	39906995	39907622	627	1/1
1	39908581	39909116	535	0/1
1	40012570	40013160	590	0/1
1	41370313	41370658	345	0/1
1	43694061	43695544	1483	0/1
1	55092273	55095967	3694	0/1
1	60048636	60049638	1002	0/1
1	60706450	60707452	1002	0/1
1	62082857	62083702	845	1/1
1	62113413	62119521	6108	1/1
1	62277587	62277896	309	1/1
1	68007964	68008817	853	1/1
1	72755692	72764075	8383	0/1
1	72766323	72811840	45517	0/1
1	93824541	93825725	1184	0/1
1	99818176	99820587	2411	1/1
1	104443199	104443726	527	0/1
1	105218644	105219445	801	0/1
1	106164396	106215441	51045	0/1
1	110187192	110191373	4181	1/1
1	112355871	112356524	653	0/1
1	113231757	113232034	277	0/1
1	113799628	113800091	463	0/1
1	145506078	145506578	500	0/1
1	150239056	150239475	419	1/1
1	150240188	150240356	168	1/1
1	150297544	150298208	664	1/1
1	152327359	152327882	523	1/1
1	152555542	152587741	32199	1/1
1	153133706	153133964	258	1/1
1	153133709	153134121	412	1/1
1	157105499	157106098	599	1/1
1	158488408	158488676	268	0/1
1	158786963	158788066	1103	0/1
1	158867534	158869982	2448	0/1
1	159648707	159649658	951	1/1
1	160101180	160102171	991	1/1
1	161011199	161011439	240	1/1
1	162094738	162095252	514	1/1
1	166649078	166650348	1270	0/1
1	166650349	232538646	65888297	0/1
1	168572259	168574236	1977	0/1
1	173024156	173025699	1543	1/1
1	174711579	174712204	625	1/1
1	179607281	179608049	768	1/1
1	183060807	183061526	719	1/1
1	183119628	183119909	281	1/1
1	187176114	187176395	281	0/1
1	187176396	220732672	33556276	0/1
1	187716104	187722533	6429	0/1
1	188539454	188540230	776	1/1
1	194060079	194060243	164	1/1
1	194451078	194454282	3204	0/1
1	197894018	197894303	285	0/1
1	198773749	198775415	1666	0/1
1	199110047	199113806	3759	0/1
1	207542017	207545565	3548	1/1
1	210078054	210085971	7917	1/1
1	211239578	211240035	457	0/1
1	221724856	221725077	221	1/1
1	225133667	225248944	115277	0/1
1	229373388	229373763	375	0/1
1	229812533	229820837	8304	1/1
1	232458590	232460252	1662	0/1
1	235537094	235538348	1254	0/1
1	236486320	236486970	650	1/1
1	240392999	240394779	1780	0/1
1	241664445	241666389	1944	1/1
1	243782745	243783742	997	1/1
1	244486471	244486628	157	0/1
2	32146	34839	2693	0/1
2	2798772	2799243	471	1/1
2	4212675	4223310	10635	0/1
2	5736051	5737332	1281	0/1
2	6766076	6766478	402	0/1
2	17585127	17590594	5467	0/1
2	17943809	17945643	1834	1/1
2	28699618	78065256	49365638	0/1
2	32282815	32284142	1327	0/1
2	32750085	32750530	445	1/1
2	33224462	33227293	2831	0/1
2	34695829	34736560	40731	0/1
2	41110159	41110688	529	1/1
2	41738706	41740962	2256	0/1
2	42346259	42347315	1056	0/1
2	44467107	44468832	1725	0/1
2	51224547	51225543	996	0/1
2	52749686	52785271	35585	0/1
2	56652302	56655881	3579	0/1
2	65945824	65946412	588	1/1
2	66505589	66507554	1965	0/1
2	69376107	69376520	413	1/1
2	75362162	75364224	2062	1/1
2	76557056	76557291	235	0/1
2	78065254	78067502	2248	0/1
2	78117890	78118358	468	0/1
2	79076570	79081207	4637	0/1
2	82880288	86868090	3987802	1/1
2	86868089	86870250	2161	1/1
2	96858206	96858816	610	1/1
2	96860745	96861079	334	1/1
2	97854033	97856154	2121	0/1
2	98412865	98413305	440	0/1
2	98429021	98429341	320	0/1
2	98430851	98431662	811	0/1
2	106695077	106695895	818	1/1
2	110312519	118889785	8577266	0/1
2	111488626	111490911	2285	1/1
2	113405040	113405229	189	1/1
2	113414818	113416402	1584	0/1
2	113417337	113417962	625	0/1
2	116501208	116503399	2191	0/1
2	118889783	118891454	1671	0/1
2	121391980	121392417	437	1/1
2	121797805	121798400	595	0/1
2	123364878	123365347	469	1/1
2	124170255	124170585	330	1/1
2	124560726	124563028	2302	0/1
2	124563028	224198940	99635912	0/1
2	126378587	126385343	6756	0/1
2	130954929	130957404	2475	0/1
2	132029343	132029658	315	1/1
2	138490115	138490488	373	0/1
2	154494934	154495148	214	0/1
2	154895771	154899175	3404	0/1
2	159298586	159299174	588	1/1
2	159661994	159662873	879	0/1
2	166014693	166016745	2052	0/1
2	172438427	172438900	473	0/1
2	173554470	173556236	1766	0/1
2	178287637	178288052	415	1/1
2	186852346	186852739	393	0/1
2	189119618	189120926	1308	0/1
2	190095850	190102918	7068	0/1
2	196214814	196215227	413	1/1
2	198266247	198266464	217	1/1
2	199470767	199471144	377	0/1
2	200312455	200312680	225	1/1
2	202552025	202554364	2339	0/1
2	208354266	208354842	576	0/1
2	209103957	209104587	630	1/1
2	215728761	215730832	2071	1/1
2	216208764	216209022	258	0/1
2	216242983	216243851	868	1/1
2	217955891	217957267	1376	0/1
2	220052292	220055966	3674	1/1
2	223781214	223782764	1550	0/1
2	223787547	223787794	247	0/1
2	229264344	229268337	3993	0/1
2	231884072	231885253	1181	0/1
2	233332718	233333463	745	0/1
2	234756429	234757776	1347	1/1
2	238746300	238746664	364	0/1
2	239500395	239501733	1338	0/1
3	228725	234404	5679	0/1
3	1782292	1788504	6212	0/1
3	6700870	6701254	384	0/1
3	8160556	8163018	2462	1/1
3	8163018	77762543	69599525	1/1
3	9134822	9135245	423	1/1
3	13681182	13682273	1091	0/1
3	16305735	16306275	540	1/1
3	18729953	18730779	826	0/1
3	20311373	20317735	6362	0/1
3	26450969	26452299	1330	0/1
3	30245938	30246288	350	0/1
3	31666576	31667445	869	1/1
3	32806776	32808062	1286	1/1
3	33056584	33058447	1863	1/1
3	33287997	33289814	1817	0/1
3	40219415	58400581	18181166	0/1
3	41280843	41281149	306	1/1
3	41336680	41337230	550	1/1
3	47490667	47493441	2774	1/1
3	50098654	50098895	241	1/1
3	52736782	52736989	207	1/1
3	55238651	55239379	728	1/1
3	56604699	56604956	257	0/1
3	57109771	57110552	781	1/1
3	58400579	58401846	1267	0/1
3	68464391	68464829	438	1/1
3	68634770	68640254	5484	0/1
3	69065662	69066255	593	1/1
3	70013474	70013888	414	0/1
3	74685633	74685971	338	0/1
3	78779418	78779719	301	1/1
3	80971287	80971500	213	1/1
3	82216705	82217765	1060	0/1
3	95465768	95467885	2117	0/1
3	97151518	97151918	400	0/1
3	97631495	97632300	805	1/1
3	98410678	98414767	4089	0/1
3	98899060	98902390	3330	1/1
3	98943803	98949513	5710	0/1
3	111243624	111248995	5371	0/1
3	118281604	118281824	220	1/1
3	118347788	118349647	1859	1/1
3	119764194	119766506	2312	0/1
3	119766505	169012637	49246132	0/1
3	124936295	124937164	869	0/1
3	129302512	129302968	456	0/1
3	131965274	131965601	327	1/1
3	132221309	132222055	746	1/1
3	133952454	133954186	1732	0/1
3	136021013	136026197	5184	1/1
3	136064149	136064415	266	0/1
3	148281434	148285420	3986	0/1
3	155234986	155235980	994	0/1
3	158287519	158288327	808	0/1
3	158539439	158539770	331	0/1
3	162717306	162723550	6244	0/1
3	162816799	162817193	394	1/1
3	166672292	166674375	2083	0/1
3	168738454	168738836	382	0/1
3	170163575	170164001	426	1/1
3	172060905	172061875	970	1/1
3	174245531	174245880	349	0/1
3	177294509	177297474	2965	0/1
3	178567652	178568344	692	0/1
3	179654339	179654805	466	0/1
3	183876815	183877404	589	0/1
3	189737344	189740525	3181	0/1
3	190478458	190478635	177	0/1
3	190955847	190957032	1185	1/1
3	191264247	191266196	1949	0/1
3	192304876	192312815	7939	0/1
3	192875329	192885406	10077	1/1
3	196934573	196939250	4677	0/1
3	197843926	197850167	6241	0/1
4	1602956	1603670	714	0/1
4	6909614	6911694	2080	1/1
4	7524947	7527050	2103	0/1
4	7575037	7575872	835	0/1
4	7575873	17637949	10062076	0/1
4	9457930	9482270	24340	0/1
4	10119060	10119446	386	0/1
4	10211260	10234568	23308	0/1
4	10392429	10402169	9740	0/1
4	11525604	11525880	276	1/1
4	12441592	12441899	307	0/1
4	14304732	14305940	1208	1/1
4	15620238	15620552	314	0/1
4	16537314	42308463	25771149	0/1
4	18095327	18095575	248	0/1
4	21614176	21614635	459	0/1
4	24443633	24444507	874	0/1
4	28076087	28076973	886	1/1
4	28421590	28421941	351	0/1
4	32781355	32781598	243	0/1
4	34779980	34829039	49059	1/1
4	35038338	35040417	2079	0/1
4	46061813	46064134	2321	0/1
4	46202795	46205027	2232	0/1
4	48484861	48485172	311	1/1
4	57761051	57761473	422	1/1
4	61330106	61333186	3080	1/1
4	63669426	63676127	6701	0/1
4	64694328	64714380	20052	0/1
4	64920392	64921791	1399	1/1
4	64921791	135899255	70977464	1/1
4	65719085	65719465	380	0/1
4	72904759	72904913	154	0/1
4	73831248	73831821	573	0/1
4	85247946	85248358	412	0/1
4	86976374	86979952	3578	0/1
4	87554030	87555332	1302	0/1
4	88229057	125376631	37147574	0/1
4	90530281	90530862	581	0/1
4	91931556	91935837	4281	0/1
4	101960153	101961188	1035	0/1
4	107056577	107063362	6785	0/1
4	107974329	107974487	158	0/1
4	109721052	109722216	1164	0/1
4	115525491	115525917	426	0/1
4	119125411	119130200	4789	0/1
4	120027244	120027579	335	0/1
4	120865522	120866597	1075	0/1
4	122282249	122289952	7703	0/1
4	125078260	125079716	1456	0/1
4	127545932	127547501	1569	0/1
4	130626374	130626643	269	0/1
4	132600842	180574168	47973326	0/1
4	133445431	133445702	271	1/1
4	135433002	135435697	2695	1/1
4	141354836	141355976	1140	0/1
4	145591941	145592487	546	0/1
4	146438806	146440451	1645	0/1
4	146919578	146927741	8163	1/1
4	152252540	152254127	1587	0/1
4	156849579	156850693	1114	0/1
4	157305269	157306908	1639	0/1
4	161485963	161486360	397	1/1
4	162053250	162053524	274	0/1
4	170278460	170278882	422	0/1
4	172374411	172379426	5015	1/1
4	172988639	172992931	4292	1/1
4	174533076	174535912	2836	0/1
4	175185506	175186624	1118	0/1
4	180574166	180574811	645	0/1
4	186441635	186444074	2439	1/1
4	187614516	187614845	329	1/1
5	1178293	1180733	2440	1/1
5	2769423	2769641	218	1/1
5	9389991	9390488	497	0/1
5	10273295	10275375	2080	0/1
5	12811017	12820524	9507	1/1
5	16124808	16125485	677	0/1
5	17065487	17067842	2355	0/1
5	17067842	34018432	16950590	0/1
5	19375269	19376394	1125	0/1
5	21413172	33157716	11744544	0/1
5	26720853	26722821	1968	1/1
5	26722821	43124320	16401499	1/1
5	26796698	26801897	5199	1/1
5	30915519	30916056	537	0/1
5	31443611	38986992	7543381	1/1
5	33157714	33158903	1189	0/1
5	38986990	38988826	1836	1/1
5	39211294	39213531	2237	1/1
5	41425481	41426017	536	0/1
5	45274022	45276006	1984	0/1
5	53144381	53146072	1691	1/1
5	57434256	57435136	880	1/1
5	62687436	62687707	271	1/1
5	65028100	65030384	2284	0/1
5	65712697	65712989	292	0/1
5	74654652	74654995	343	0/1
5	76855207	76855641	434	0/1
5	78733171	150149970	71416799	0/1
5	82063426	82066154	2728	0/1
5	86815136	86816063	927	0/1
5	87186506	87187437	931	0/1
5	92250602	92251623	1021	1/1
5	92251622	160441269	68189647	1/1
5	106324751	106326431	1680	0/1
5	113156560	113172797	16237	0/1
5	113434065	113434733	668	1/1
5	117868222	117868533	311	0/1
5	119380145	119382677	2532	0/1
5	120817325	120819632	2307	0/1
5	121296445	121296897	452	1/1
5	121355034	121355781	747	1/1
5	122152723	122152975	252	0/1
5	123069968	123070343	375	1/1
5	127336000	127336935	935	0/1
5	127407439	127410917	3478	0/1
5	135074708	135074859	151	1/1
5	135733907	135734063	156	1/1
5	136854675	136856392	1717	1/1
5	140957909	140958081	172	1/1
5	141459200	141459506	306	0/1
5	144871904	144872806	902	0/1
5	146622651	146623085	434	1/1
5	147819355	147819987	632	1/1
5	150149967	150150858	891	0/1
5	150646474	150646857	383	1/1
5	153805361	153807188	1827	0/1
5	155666019	155666431	412	0/1
5	163665008	163666448	1440	0/1
5	168540802	175416034	6875232	1/1
5	170129815	170131446	1631	0/1
5	170276427	170276593	166	1/1
5	171151849	171152295	446	1/1
5	178106861	178111874	5013	0/1
5	178109061	178113412	4351	0/1
5	178348362	178353196	4834	0/1
5	180569233	180569979	746	1/1
6	684063	684653	590	1/1
6	5990603	46586702	40596099	0/1
6	10830894	10831680	786	1/1
6	10831681	14367704	3536023	1/1
6	12551964	12552995	1031	0/1
6	16884965	16886094	1129	0/1
6	19041186	19049399	8213	0/1
6	20798868	20799999	1131	1/1
6	24865280	50200528	25335248	1/1
6	28099763	28101474	1711	0/1
6	28101474	56652970	28551496	0/1
6	29766212	29922835	156623	0/1
6	29843104	29843455	351	1/1
6	29843104	29849123	6019	1/1
6	31279001	31288663	9662	0/1
6	32461276	32468768	7492	1/1
6	32479923	32542833	62910	0/1
6	32480579	32481154	575	1/1
6	32514888	32516241	1353	1/1
6	33583197	33585845	2648	0/1
6	33937829	33942690	4861	0/1
6	34722687	34723042	355	1/1
6	34723040	45022806	10299766	1/1
6	35626432	35629745	3313	1/1
6	38537920	38538497	577	1/1
6	38577851	38578632	781	0/1
6	41920839	41922118	1279	0/1
6	42837596	42839285	1689	0/1
6	50200527	50201864	1337	1/1
6	51199472	51200123	651	0/1
6	51736109	51736805	696	0/1
6	53928709	53934681	5972	0/1
6	57175362	57175786	424	0/1
6	62199727	62206525	6798	1/1
6	69138587	69139391	804	0/1
6	69471195	69471721	526	0/1
6	71891033	71892395	1362	0/1
6	72863851	72873535	9684	0/1
6	73080478	73082435	1957	0/1
6	74592060	74602440	10380	0/1
6	74764034	74764186	152	1/1
6	74932722	74933065	343	0/1
6	77054696	77054899	203	0/1
6	77097492	77102642	5150	1/1
6	78967194	79036454	69260	0/1
6	86623833	86625826	1993	1/1
6	89921753	89922177	424	0/1
6	92753728	92754081	353	1/1
6	95193322	95194337	1015	1/1
6	100034500	100035316	816	1/1
6	101934558	101939024	4466	0/1
6	102066737	102066947	210	1/1
6	103737464	103762886	25422	0/1
6	110512000	110513766	1766	0/1
6	111168555	111169554	999	0/1
6	124546663	131321517	6774854	0/1
6	131321516	131323261	1745	0/1
6	137313693	137314187	494	1/1
6	141548624	141550029	1405	0/1
6	142759919	142760607	688	0/1
6	151485958	151487015	1057	0/1
6	165724666	165732133	7467	0/1
7	8698628	8698847	219	1/1
7	9676127	9679558	3431	0/1
7	13136358	43273832	30137474	0/1
7	14451264	14451431	167	1/1
7	19077560	19077839	279	0/1
7	19646586	19646805	219	1/1
7	24038161	24040071	1910	0/1
7	26137001	26145496	8495	0/1
7	41514655	41515941	1286	0/1
7	42004592	42005134	542	1/1
7	42405102	46657292	4252190	0/1
7	43273829	43275352	1523	0/1
7	44737621	44739849	2228	0/1
7	44739851	45924031	1184180	0/1
7	46657288	46658623	1335	0/1
7	52520171	52520374	203	1/1
7	54464631	54464829	198	0/1
7	55971770	55972135	365	0/1
7	56761980	56769948	7968	0/1
7	57410194	57410844	650	0/1
7	64413378	64414028	650	0/1
7	64425466	64425935	469	1/1
7	65589703	65591966	2263	0/1
7	67908622	140662782	72754160	1/1
7	69695875	145988219	76292344	1/1
7	73267124	73268205	1081	0/1
7	73549758	73550967	1209	1/1
7	73828496	73831316	2820	0/1
7	76870542	76870797	255	1/1
7	79960956	79966314	5358	0/1
7	81441535	81442514	979	0/1
7	83915441	83916148	707	0/1
7	84153282	84154207	925	1/1
7	90150259	90150500	241	0/1
7	94162818	94163693	875	0/1
7	94163693	132934134	38770441	0/1
7	95478236	95478527	291	1/1
7	96543280	96546514	3234	0/1
7	96650505	96651355	850	0/1
7	101059157	101060267	1110	0/1
7	101382512	101384036	1524	0/1
7	106583081	106584021	940	1/1
7	107464067	107464740	673	0/1
7	109436689	109453900	17211	1/1
7	110181965	110188433	6468	1/1
7	111460874	111461270	396	1/1
7	126045886	126051448	5562	1/1
7	133785000	133798330	13330	0/1
7	140189223	140190151	928	1/1
7	140662780	140662981	201	1/1
7	142475565	142486284	10719	0/1
7	144877558	144879775	2217	0/1
7	145988214	145989129	915	1/1
7	148701300	148702232	932	0/1
7	150718945	150719431	486	0/1
7	151230197	151231844	1647	1/1
7	151230201	151230685	484	1/1
7	151671198	151671375	177	0/1
7	152574764	152580313	5549	0/1
7	152708468	152708846	378	0/1
7	158589622	158590039	417	0/1
8	549218	549571	353	1/1
8	594397	599412	5015	0/1
8	2122082	2122347	265	0/1
8	3040184	3040336	152	0/1
8	3509663	3511419	1756	0/1
8	3511419	10941634	7430215	1/1
8	4122881	4124957	2076	0/1
8	4482238	5588243	1106005	1/1
8	4507844	4508420	576	0/1
8	5588241	5589043	802	1/1
8	9129382	9129555	173	0/1
8	9756057	9756457	400	0/1
8	11096179	11098313	2134	1/1
8	11787904	11892985	105081	0/1
8	13580539	13581679	1140	0/1
8	14644857	14645357	500	0/1
8	15115634	15116815	1181	0/1
8	15747567	15747889	322	1/1
8	17065597	17067437	1840	0/1
8	17717941	17718147	206	0/1
8	19555555	19556236	681	0/1
8	21249739	21250170	431	1/1
8	24972432	24990944	18512	1/1
8	25614291	25614694	403	1/1
8	26699928	26701210	1282	0/1
8	27277077	27277872	795	0/1
8	27277873	38661542	11383669	0/1
8	29963053	29963486	433	0/1
8	35749005	35749318	313	1/1
8	37036650	37038106	1456	1/1
8	37328949	37329523	574	0/1
8	39018272	39019644	1372	1/1
8	40774608	40779759	5151	0/1
8	42190440	42194372	3932	1/1
8	47405882	47407891	2009	0/1
8	47407434	47407891	457	0/1
8	49093385	49093979	594	1/1
8	53978164	53980269	2105	0/1
8	53980271	89142657	35162386	0/1
8	59426619	59427220	601	1/1
8	64097930	65201838	1103908	0/1
8	67120747	67121716	969	0/1
8	72184325	72184913	588	1/1
8	72263965	99717936	27453971	0/1
8	72524498	72524709	211	0/1
8	77112578	77113094	516	0/1
8	82045018	82046619	1601	0/1
8	82460156	82461193	1037	0/1
8	82461193	95548409	13087216	0/1
8	85742852	85743987	1135	1/1
8	94866155	94866406	251	0/1
8	97243359	97244001	642	1/1
8	99717934	99720303	2369	0/1
8	110236315	110238593	2278	0/1
8	112294051	112297140	3089	1/1
8	114056492	114058773	2281	0/1
8	114934392	114934683	291	0/1
8	117651114	117652770	1656	1/1
8	118873738	118875468	1730	0/1
8	119518705	119519216	511	0/1
8	119519216	124176625	4657409	0/1
8	120398849	120399226	377	1/1
8	120645678	120646196	518	0/1
8	120733873	120734042	169	0/1
8	124186002	124186370	368	1/1
8	138742965	138743862	897	1/1
8	145649651	145650101	450	1/1
8	146057021	146057833	812	0/1
9	547416	547754	338	0/1
9	4376417	4377645	1228	0/1
9	6729218	6730119	901	0/1
9	7176261	7176672	411	1/1
9	10404561	10405092	531	1/1
9	11846227	11846714	487	1/1
9	15815306	15821941	6635	0/1
9	23362801	23377684	14883	0/1
9	27320485	27322308	1823	0/1
9	28846386	28847644	1258	0/1
9	33036685	33037011	326	1/1
9	33774137	33775729	1592	1/1
9	35706896	35707068	172	1/1
9	36378160	36380498	2338	0/1
9	37435661	37436036	375	0/1
9	71895392	71896563	1171	0/1
9	74448959	74449918	959	0/1
9	76178376	88302482	12124106	0/1
9	79687910	79689474	1564	0/1
9	80095079	80095549	470	1/1
9	83378732	83379324	592	1/1
9	88335626	138762622	50426996	0/1
9	90517130	90517341	211	0/1
9	91708842	91785102	76260	0/1
9	93827622	93829311	1689	1/1
9	95656912	95657254	342	1/1
9	96188841	100505075	4316234	0/1
9	96323531	96324489	958	1/1
9	96500160	96503043	2883	0/1
9	97247233	97247393	160	0/1
9	99868797	99869058	261	0/1
9	100505073	100506288	1215	0/1
9	101000289	101001109	820	0/1
9	101347985	101348317	332	0/1
9	104180591	104180935	344	0/1
9	104219695	104220379	684	1/1
9	108029756	108030583	827	1/1
9	109473241	109473778	537	1/1
9	113234868	113236937	2069	1/1
9	115444316	115445122	806	0/1
9	118310396	118311024	628	0/1
9	121420866	121423637	2771	0/1
9	122236147	137432370	15196223	0/1
9	124019575	124021868	2293	1/1
9	129520426	129523233	2807	0/1
9	130233800	130234528	728	1/1
9	130868797	130869306	509	1/1
9	133005511	133005917	406	0/1
9	133947951	133948491	540	0/1
9	135144546	135144736	190	1/1
9	136625193	136626263	1070	0/1
9	137432364	137434012	1648	0/1
9	138214063	138217604	3541	0/1
9	139456207	139457908	1701	0/1
9	140886950	140887541	591	1/1
10	154785	23758499	23603714	0/1
10	1662212	1663687	1475	0/1
10	1663686	25509269	23845583	0/1
10	2215064	24401787	22186723	1/1
10	5411804	5414170	2366	1/1
10	5414170	9233534	3819364	1/1
10	7077040	7078301	1261	1/1
10	9684479	9686966	2487	0/1
10	9686966	25307697	15620731	0/1
10	11323865	11325089	1224	1/1
10	12411204	12412022	818	0/1
10	14241549	14242453	904	0/1
10	16048980	16049567	587	1/1
10	17310709	17315494	4785	0/1
10	18503075	18503590	515	1/1
10	18691968	18692999	1031	0/1
10	21432215	21432461	246	0/1
10	21794304	21794570	266	0/1
10	23758497	23760698	2201	0/1
10	24401785	24403172	1387	1/1
10	25732571	25733061	490	0/1
10	26999015	27002154	3139	0/1
10	27676744	27677939	1195	1/1
10	30186633	30188519	1886	1/1
10	30682634	38237059	7554425	0/1
10	32553577	32554334	757	0/1
10	37716170	37716573	403	1/1
10	49600904	49602741	1837	0/1
10	49602741	93450292	43847551	0/1
10	52862870	52864559	1689	0/1
10	52864559	114695669	61831110	0/1
10	53386490	53387131	641	1/1
10	53984016	54033932	49916	0/1
10	56682778	56684359	1581	0/1
10	57701030	57701204	174	0/1
10	59209787	59211854	2067	0/1
10	59875361	60653168	777807	0/1
10	61202685	61203528	843	0/1
10	61332297	61334669	2372	0/1
10	62305238	62305645	407	1/1
10	63080280	63080987	707	1/1
10	63658652	63659327	675	0/1
10	66398770	66400745	1975	0/1
10	69422162	69424654	2492	0/1
10	70068225	70070645	2420	0/1
10	74681357	74683640	2283	1/1
10	74833583	74834564	981	1/1
10	75577950	75578375	425	0/1
10	82904657	82904911	254	1/1
10	83939376	83940131	755	1/1
10	85522715	85523906	1191	0/1
10	88213092	88213413	321	0/1
10	88232101	88232369	268	0/1
10	89298791	89300143	1352	1/1
10	92172709	92173219	510	0/1
10	102911582	102912257	675	1/1
10	107252998	107253352	354	1/1
10	107950682	107951596	914	1/1
10	108030317	108032542	2225	0/1
10	111256578	111256776	198	0/1
10	117711616	117712003	387	0/1
10	122226654	122228804	2150	1/1
10	127345117	127345660	543	0/1
10	130836871	130837275	404	0/1
10	131571817	131572211	394	1/1
10	132988684	132991172	2488	0/1
11	775142	776001	859	1/1
11	2372950	2374065	1115	0/1
11	2374066	24727128	22353062	0/1
11	5521630	5523172	1542	0/1
11	5563816	5565719	1903	1/1
11	6490023	22707109	16217086	0/1
11	11537966	11538471	505	1/1
11	12244288	12244956	668	0/1
11	13761984	13762529	545	0/1
11	13762529	45468357	31705828	0/1
11	16302578	16302908	330	0/1
11	20112646	20113972	1326	0/1
11	22697964	22698426	462	0/1
11	22707108	22707580	472	0/1
11	23723464	35752599	12029135	1/1
11	28028802	28029374	572	1/1
11	29007202	29012797	5595	0/1
11	29139327	29140281	954	0/1
11	30699540	30699714	174	0/1
11	31393773	31397647	3874	0/1
11	34175925	34176248	323	0/1
11	34186646	34188806	2160	0/1
11	34186907	34189448	2541	1/1
11	34188905	34189448	543	1/1
11	35110343	35110713	370	0/1
11	35752597	35753112	515	1/1
11	43909628	43909933	305	1/1
11	45132763	45132957	194	0/1
11	45429846	45431614	1768	0/1
11	46161017	46162399	1382	0/1
11	47197478	47198030	552	1/1
11	49887123	49887467	344	1/1
11	50169285	50169622	337	0/1
11	50640255	50641112	857	0/1
11	54885461	54892295	6834	0/1
11	55259271	55259714	443	0/1
11	62085885	62088058	2173	1/1
11	64888506	64888970	464	1/1
11	65088421	65089287	866	1/1
11	66872505	66872783	278	1/1
11	67378677	67378873	196	1/1
11	69400840	69401403	563	1/1
11	74024905	74027388	2483	0/1
11	74873828	74875006	1178	0/1
11	74880807	74883422	2615	0/1
11	76224446	76226446	2000	0/1
11	76226446	91592982	15366536	0/1
11	87408598	87410839	2241	0/1
11	88580514	88580711	197	1/1
11	88819254	88819419	165	1/1
11	88964482	88967931	3449	1/1
11	90193706	90195998	2292	0/1
11	92771871	92773330	1459	0/1
11	93021137	93022158	1021	0/1
11	93661848	93664256	2408	0/1
11	96001924	96003395	1471	0/1
11	98248204	98248599	395	0/1
11	117100572	117101065	493	1/1
11	122929536	122929765	229	0/1
11	123144903	123150436	5533	0/1
11	127485975	127486326	351	1/1
11	128682716	128683410	694	0/1
12	5256642	5258662	2020	0/1
12	6241436	6248078	6642	0/1
12	6887083	6887406	323	0/1
12	9016840	9017868	1028	1/1
12	9232410	9232689	279	0/1
12	9722057	9722992	935	0/1
12	9927334	9928172	838	1/1
12	9928172	31334164	21405992	1/1
12	10813066	10813240	174	0/1
12	11068046	11068299	253	1/1
12	11134899	11136170	1271	0/1
12	16420123	16421283	1160	0/1
12	17039809	22159192	5119383	0/1
12	17039912	17040098	186	0/1
12	18814254	18814824	570	0/1
12	19726524	19727062	538	1/1
12	25289384	25290658	1274	1/1
12	29844381	29846436	2055	0/1
12	30371317	30371743	426	0/1
12	30478283	30480990	2707	0/1
12	34244830	34247366	2536	0/1
12	38113483	38114219	736	0/1
12	38786578	38786929	351	1/1
12	41148390	41151159	2769	0/1
12	41183195	41183502	307	1/1
12	41473638	41477083	3445	0/1
12	43071035	43071941	906	0/1
12	43752409	43753980	1571	0/1
12	45903153	45909940	6787	0/1
12	51436848	51437111	263	0/1
12	52369711	52369932	221	0/1
12	52395078	52395820	742	0/1
12	59664924	59665101	177	1/1
12	63864164	63864357	193	0/1
12	69991850	69992101	251	1/1
12	70872265	70878217	5952	0/1
12	71381843	71382334	491	1/1
12	71602357	71604474	2117	0/1
12	72760758	72760922	164	1/1
12	76783608	76784199	591	1/1
12	84593108	84596012	2904	1/1
12	86426103	86432916	6813	0/1
12	86695084	86697258	2174	0/1
12	87697005	87698756	1751	1/1
12	89611824	89612207	383	0/1
12	92891134	92892951	1817	1/1
12	94888985	94889323	338	1/1
12	95344396	95345040	644	1/1
12	95658160	95658590	430	0/1
12	104555598	104556076	478	1/1
12	107966958	107967519	561	0/1
12	112228364	112229108	744	1/1
12	112229225	112230553	1328	0/1
12	112229967	112230402	435	1/1
12	112304033	112305374	1341	0/1
12	117376444	117377732	1288	0/1
12	130295421	130298418	2997	0/1
12	131360916	131362778	1862	0/1
13	20825481	20828793	3312	0/1
13	20840324	20840561	237	1/1
13	23632495	23637296	4801	0/1
13	27050041	27052187	2146	1/1
13	31043601	31043825	224	0/1
13	34928040	34928564	524	0/1
13	38071940	38085578	13638	0/1
13	38279990	65137263	26857273	1/1
13	39057315	39060202	2887	1/1
13	41245095	50502856	9257761	0/1
13	48064207	48066230	2023	1/1
13	49267489	49267713	224	1/1
13	55941178	55941469	291	0/1
13	56036958	56037911	953	1/1
13	59449253	59450017	764	0/1
13	59450016	109308732	49858716	0/1
13	65137261	65139562	2301	1/1
13	65637808	65638211	403	0/1
13	69244702	69268750	24048	0/1
13	72477264	72480577	3313	0/1
13	72843037	72846916	3879	0/1
13	75747633	75747825	192	1/1
13	81856989	81859247	2258	0/1
13	89800022	89800286	264	1/1
13	94743840	94744620	780	1/1
13	98249158	98249469	311	0/1
13	99254189	99258355	4166	0/1
13	104091764	104092247	483	1/1
13	105887450	105887659	209	1/1
13	108947016	108951794	4778	0/1
13	115007752	115008729	977	1/1
13	115009464	115010365	901	1/1
14	22774831	22775365	534	0/1
14	23922246	23922647	401	1/1
14	24313631	24314261	630	1/1
14	26283873	26284800	927	0/1
14	28561561	28562257	696	1/1
14	31813876	31814051	175	1/1
14	35428810	35432454	3644	0/1
14	42987526	42992933	5407	0/1
14	43372910	43373310	400	0/1
14	51482422	51482976	554	0/1
14	52378343	52378903	560	0/1
14	53317367	53317790	423	0/1
14	54710346	54713686	3340	0/1
14	55004881	55005271	390	1/1
14	56107924	56108408	484	1/1
14	56117134	56117285	151	1/1
14	58357546	58358108	562	1/1
14	60341397	60343242	1845	0/1
14	61058055	61059480	1425	0/1
14	65119312	65120009	697	1/1
14	68157136	68157855	719	0/1
14	70468976	70469479	503	1/1
14	71364119	71364777	658	0/1
14	72658320	72660785	2465	0/1
14	77146019	77146438	419	0/1
14	78295158	78297066	1908	0/1
14	80106288	80115050	8762	0/1
14	83337525	83339189	1664	0/1
14	85297108	85302156	5048	1/1
14	87052895	87054463	1568	0/1
14	91042433	91042698	265	1/1
14	91581487	91583321	1834	0/1
14	91933510	91933932	422	0/1
14	105415243	105418204	2961	0/1
14	106330844	106354404	23560	1/1
14	107174398	107174804	406	0/1
15	24672141	24722863	50722	0/1
15	25116923	25118717	1794	0/1
15	27303233	27304764	1531	0/1
15	35530968	35535957	4989	0/1
15	39372375	39373477	1102	0/1
15	39744390	39744860	470	1/1
15	41709465	41745117	35652	0/1
15	41709513	41749868	40355	0/1
15	41730633	41756967	26334	0/1
15	41745203	41756989	11786	0/1
15	41745251	41758337	13086	0/1
15	41750074	41762453	12379	0/1
15	41757087	41763376	6289	0/1
15	41762592	41767724	5132	0/1
15	41763448	41767911	4463	0/1
15	41763550	41768642	5092	0/1
15	41763550	41769361	5811	0/1
15	41766902	41769361	2459	0/1
15	41767995	41770744	2749	0/1
15	41768018	41771301	3283	0/1
15	41769481	41769653	172	0/1
15	41769715	41772776	3061	0/1
15	41770823	41771301	478	0/1
15	41771398	41772925	1527	0/1
15	41772520	41772776	256	0/1
15	41772524	41772991	467	0/1
15	41981927	41992526	10599	0/1
15	42146326	42147488	1162	0/1
15	44137057	44138853	1796	0/1
15	47720633	47720808	175	0/1
15	49421756	49422916	1160	0/1
15	50902156	50903288	1132	0/1
15	51216199	51217293	1094	0/1
15	62706092	62707793	1701	0/1
15	64196439	64197541	1102	0/1
15	65816044	65819276	3232	0/1
15	66877647	66878415	768	0/1
15	67868327	67869401	1074	0/1
15	69024495	73462666	4438171	1/1
15	71881569	71882966	1397	0/1
15	73462665	73462915	250	1/1
15	74164205	74164386	181	0/1
15	77330746	77332722	1976	1/1
15	78008485	78012584	4099	0/1
15	79227424	79228022	598	1/1
15	86568120	86568312	192	1/1
15	91981577	91989266	7689	0/1
15	96767738	96767918	180	0/1
15	99574482	99575609	1127	1/1
15	99656598	99657396	798	0/1
15	100045872	100046958	1086	0/1
15	100416661	100423236	6575	0/1
15	101778822	101778991	169	1/1
15	102379556	102379873	317	1/1
15	102379612	102379924	312	1/1
16	1886491	1886798	307	0/1
16	2647275	2647651	376	1/1
16	6170298	6171305	1007	0/1
16	7184840	7185691	851	1/1
16	7709381	26083527	18374146	0/1
16	8755298	8756871	1573	0/1
16	9032224	9032390	166	0/1
16	9972826	9975266	2440	0/1
16	11683733	11685295	1562	0/1
16	13294465	13296495	2030	0/1
16	19945550	19967580	22030	1/1
16	20446456	20447263	807	0/1
16	21106700	21107765	1065	1/1
16	23760346	23762264	1918	0/1
16	25066122	25137520	71398	0/1
16	25204945	25207826	2881	0/1
16	25340109	25343128	3019	0/1
16	25639376	25640151	775	0/1
16	25850339	25850785	446	0/1
16	26083526	26085305	1779	0/1
16	26288711	26289452	741	0/1
16	31276818	31277131	313	1/1
16	33978539	33978697	158	1/1
16	34356588	34356905	317	0/1
16	48089364	48089788	424	0/1
16	48508916	48511377	2461	1/1
16	57725395	57727847	2452	0/1
16	58647205	58650273	3068	0/1
16	67982023	67984376	2353	0/1
16	70574034	70575001	967	1/1
16	72655170	72655413	243	1/1
16	73114119	73114710	591	1/1
16	74094556	74106936	12380	0/1
16	75821759	75822064	305	1/1
16	76539133	76544025	4892	1/1
16	78171664	78172339	675	0/1
16	78371638	78384899	13261	0/1
16	78782225	78782864	639	1/1
16	78876651	78877550	899	0/1
16	78998853	78999570	717	1/1
16	80431513	80432062	549	0/1
16	80976502	80983283	6781	0/1
16	82451689	82452122	433	0/1
16	83442677	83443045	368	0/1
16	83889119	83889297	178	1/1
16	85302491	85304391	1900	0/1
16	89817763	89819988	2225	1/1
17	801626	802223	597	1/1
17	1654705	1655433	728	0/1
17	1912699	1913535	836	0/1
17	2043429	2043925	496	1/1
17	3583719	3584247	528	0/1
17	3734816	3735850	1034	1/1
17	4515188	4515543	355	1/1
17	5013236	5015079	1843	1/1
17	6186549	6188988	2439	1/1
17	6401244	6402395	1151	1/1
17	7467275	7467438	163	0/1
17	8733795	8734210	415	0/1
17	12718691	12719092	401	0/1
17	13788076	13788937	861	0/1
17	14189910	14191556	1646	0/1
17	14349600	14349953	353	1/1
17	18155130	18155313	183	1/1
17	18853853	18854031	178	0/1
17	20611082	20614566	3484	0/1
17	25561982	25562287	305	1/1
17	26883281	26883842	561	0/1
17	26906855	26907027	172	0/1
17	26943529	26943903	374	1/1
17	27000527	27001300	773	0/1
17	28007515	28009461	1946	1/1
17	30999769	31000119	350	0/1
17	32583358	32583741	383	1/1
17	32646352	32647285	933	1/1
17	32647405	32647821	416	1/1
17	32647406	32648058	652	1/1
17	32683619	32684492	873	0/1
17	33953863	33954407	544	0/1
17	36821302	36821882	580	0/1
17	36963487	36965073	1586	1/1
17	37813338	37814028	690	0/1
17	39421829	39432414	10585	0/1
17	39775941	39776955	1014	0/1
17	39777346	39779200	1854	0/1
17	39778761	39779200	439	0/1
17	39779287	39780566	1279	0/1
17	40495748	40496301	553	0/1
17	41175472	56263384	15087912	1/1
17	47351789	47353093	1304	0/1
17	48216946	48217458	512	0/1
17	49623996	49627053	3057	0/1
17	52048102	52935325	887223	0/1
17	54305730	72338124	18032394	0/1
17	55089713	55092814	3101	0/1
17	56263383	56263625	242	1/1
17	57870215	57871185	970	0/1
17	58340997	58343388	2391	0/1
17	61334333	61336416	2083	1/1
17	61573877	61574159	282	0/1
17	61796931	73907939	12111008	1/1
17	62213179	62214152	973	1/1
17	62467717	62468694	977	0/1
17	62670875	62671484	609	0/1
17	67025842	67027598	1756	1/1
17	72338120	72339141	1021	0/1
17	73907936	73908197	261	1/1
17	74783325	74788309	4984	0/1
17	75202481	75202809	328	0/1
17	79470494	79471432	938	0/1
17	79479384	79479758	374	1/1
18	2429545	11255385	8825840	0/1
18	3216264	9552020	6335756	1/1
18	4490348	4492502	2154	0/1
18	5270458	5272665	2207	0/1
18	5272307	5272665	358	0/1
18	5272665	12109967	6837302	0/1
18	5730219	14433692	8703473	0/1
18	7301415	7302050	635	1/1
18	7301609	7302050	441	0/1
18	8469740	8471992	2252	1/1
18	8471992	10786705	2314713	1/1
18	9552018	9553559	1541	1/1
18	9732422	9732923	501	0/1
18	9960381	9962004	1623	1/1
18	10159042	10159719	677	0/1
18	10274884	10276183	1299	0/1
18	10276185	11885987	1609802	0/1
18	10792816	10793055	239	1/1
18	11255383	11256414	1031	0/1
18	11509695	11511465	1770	0/1
18	12493864	12495455	1591	1/1
18	12495455	13164586	669131	1/1
18	13647103	13647595	492	0/1
18	14433690	14435658	1968	0/1
18	21990742	21992048	1306	0/1
18	23747805	23751323	3518	0/1
18	23762980	23766129	3149	0/1
18	24959437	24959694	257	1/1
18	26403487	26403662	175	1/1
18	32530959	32531230	271	0/1
18	34278714	34278924	210	0/1
18	35306060	35306623	563	1/1
18	38726567	38727248	681	0/1
18	43775446	43777035	1589	0/1
18	46979020	46979602	582	1/1
18	50462565	50463031	466	0/1
18	51161098	51163062	1964	0/1
18	51163062	65076125	13913063	0/1
18	51205969	51210540	4571	0/1
18	53081280	53083761	2481	1/1
18	54719945	64913568	10193623	0/1
18	58501331	58501726	395	1/1
18	64913565	64914996	1431	0/1
18	64959013	64967262	8249	0/1
18	65145308	65145794	486	0/1
18	66228957	66229336	379	0/1
18	73901667	73902039	372	0/1
18	76053623	76053874	251	1/1
19	566211	569394	3183	0/1
19	1255059	1255420	361	0/1
19	3369257	3370516	1259	0/1
19	3716043	3717365	1322	0/1
19	3829107	3829443	336	1/1
19	3982048	3982242	194	1/1
19	4061196	4061669	473	0/1
19	4560616	4562836	2220	0/1
19	4860036	4861341	1305	0/1
19	5509835	5510795	960	0/1
19	5556705	5559025	2320	1/1
19	5559027	22064856	16505829	1/1
19	5679407	5679597	190	1/1
19	5707154	5707708	554	1/1
19	8613996	8614981	985	1/1
19	8614558	8614981	423	1/1
19	12556688	12558297	1609	0/1
19	12611257	12611516	259	0/1
19	12694876	12698931	4055	0/1
19	12944680	12946554	1874	1/1
19	12946552	17417405	4470853	1/1
19	13775656	13776820	1164	0/1
19	14516748	14517140	392	0/1
19	15046391	15049478	3087	0/1
19	15274997	15275380	383	1/1
19	15275380	22143969	6868589	1/1
19	17261379	17261814	435	0/1
19	18286309	18287949	1640	0/1
19	18288101	18288520	419	1/1
19	18507058	18509588	2530	0/1
19	19834443	19839663	5220	1/1
19	21062227	21062611	384	1/1
19	21272342	21334641	62299	0/1
19	21513923	21514109	186	1/1
19	21561747	21562053	306	0/1
19	23805775	23808341	2566	0/1
19	23876683	23877185	502	0/1
19	23893439	23895551	2112	0/1
19	24055608	24150624	95016	0/1
19	24314147	24315993	1846	0/1
19	27755676	27755941	265	0/1
19	27831198	27836622	5424	0/1
19	27934878	27935208	330	0/1
19	29541330	29541532	202	0/1
19	31032834	31033260	426	1/1
19	31287500	31289769	2269	0/1
19	31916598	31917045	447	1/1
19	35832504	35833523	1019	0/1
19	36707301	36707766	465	0/1
19	36979729	36980518	789	1/1
19	36980517	39539192	2558675	1/1
19	37460698	37461263	565	1/1
19	37702875	37703489	614	0/1
19	40143687	40144121	434	0/1
19	46727842	46728270	428	1/1
19	48886584	48887487	903	0/1
19	50075122	50120306	45184	0/1
19	50784936	50785274	338	0/1
19	52888816	52891387	2571	0/1
19	54288323	54290431	2108	1/1
19	54555106	54562367	7261	0/1
19	54692579	54692894	315	0/1
19	55704357	57474873	1770516	0/1
19	56531900	56532381	481	1/1
19	57474871	57475205	334	0/1
19	59096465	59096621	156	0/1
20	1561044	1594188	33144	0/1
20	2637194	2637419	225	1/1
20	2842541	2842696	155	1/1
20	2979923	2980980	1057	0/1
20	3669266	3669802	536	1/1
20	3671917	3673857	1940	0/1
20	3784184	3785216	1032	0/1
20	4840029	4842593	2564	0/1
20	5290650	5291055	405	1/1
20	7398707	7403592	4885	0/1
20	7527162	7527621	459	1/1
20	11086191	11086357	166	1/1
20	13664475	20928864	7264389	1/1
20	15301731	15303769	2038	1/1
20	15640072	15640610	538	0/1
20	15640610	16239480	598870	0/1
20	16844984	16845285	301	1/1
20	19153140	19153709	569	1/1
20	19905983	19906291	308	0/1
20	20928862	20931334	2472	1/1
20	21518464	21520425	1961	1/1
20	21520425	25427380	3906955	1/1
20	23103303	23103597	294	1/1
20	23232034	23234225	2191	1/1
20	23757153	23839040	81887	0/1
20	24057555	24058376	821	1/1
20	24504043	24504624	581	1/1
20	24504625	24801300	296675	1/1
20	33067593	33068403	810	0/1
20	33241830	33244256	2426	0/1
20	33915945	33917037	1092	0/1
20	34634361	34636453	2092	0/1
20	35868920	35869071	151	1/1
20	38093482	38094280	798	1/1
20	42271864	42274589	2725	0/1
20	43129075	43129714	639	1/1
20	43132636	43133442	806	1/1
20	43135484	43135849	365	1/1
20	43140007	43141440	1433	0/1
20	44098497	44099026	529	1/1
20	44217678	44218563	885	1/1
20	44750997	44751249	252	1/1
20	46264454	46264632	178	1/1
20	46294037	46294601	564	1/1
20	47719792	47720290	498	0/1
20	48008399	48008879	480	0/1
20	48584711	48585555	844	1/1
20	50759190	50760929	1739	0/1
20	52634228	52635880	1652	0/1
20	53454782	53456678	1896	0/1
20	55690752	55693021	2269	0/1
20	60616721	60617282	561	1/1
20	61297977	61298382	405	0/1
20	61304250	61305140	890	1/1
20	61724701	61725598	897	1/1
20	62825812	62829208	3396	0/1
21	14796731	14796989	258	1/1
21	15692408	15692909	501	1/1
21	16222464	16222666	202	1/1
21	16232855	16234553	1698	0/1
21	16234553	47309206	31074653	0/1
21	19326659	19329372	2713	0/1
21	20104714	20107190	2476	0/1
21	22861571	22861753	182	0/1
21	22861753	22863024	1271	0/1
21	30068642	30069467	825	0/1
21	30552224	30552579	355	0/1
21	33009040	33011857	2817	0/1
21	34165836	34167635	1799	1/1
21	36072579	36073540	961	0/1
21	37014963	37015169	206	1/1
21	38768245	38769063	818	1/1
21	39266367	39266809	442	1/1
21	39321557	39321943	386	0/1
21	41289273	41289666	393	0/1
21	41462560	47338135	5875575	0/1
21	43091643	43095750	4107	0/1
21	43166938	43167689	751	0/1
21	43387241	43388203	962	0/1
21	45486326	45488238	1912	1/1
21	47338132	47340618	2486	0/1
21	47388021	47389725	1704	1/1
21	47446314	47446717	403	0/1
21	47625854	47626585	731	1/1
22	18003500	18004132	632	0/1
22	18057750	18060458	2708	1/1
22	20964862	20965395	533	1/1
22	23230751	23230916	165	1/1
22	24276434	24279226	2792	1/1
22	29191720	29192035	315	0/1
22	29198887	29199382	495	1/1
22	29259686	29260778	1092	0/1
22	29736845	29737489	644	1/1
22	31045468	31046239	771	0/1
22	32469425	42498876	10029451	0/1
22	35007829	35010849	3020	0/1
22	36088378	36095088	6710	0/1
22	36680556	36681166	610	0/1
22	37143169	37147896	4727	1/1
22	37707105	37707497	392	1/1
22	39294104	39298685	4581	1/1
22	39704747	39722636	17889	1/1
22	39722635	39722910	275	1/1
22	39788378	39789345	967	1/1
22	40669577	40671721	2144	0/1
22	40671722	40812928	141206	0/1
22	40760365	40760880	515	1/1
22	41533794	41536144	2350	0/1
22	41572530	41572775	245	0/1
22	42139816	42141767	1951	1/1
22	42498874	42500133	1259	0/1
22	50654295	50655119	824	1/1
X	540104	540261	157	0/1
X	1446196	1446776	580	0/1
X	1446454	1446776	322	0/1
X	1465504	1466340	836	0/1
X	1468159	1468438	279	0/1
X	2190004	2191160	1156	0/1
X	2193787	2193957	170	0/1
X	2292512	2294770	2258	0/1
X	2458459	2459475	1016	0/1
X	2516976	2517447	471	0/1
X	2607860	2609059	1199	0/1
X	13369807	13371894	2087	1/1
X	13371896	44870837	31498941	1/1
X	19178700	19180024	1324	1/1
X	19180023	56987774	37807751	1/1
X	19210106	19211897	1791	1/1
X	20705134	20705406	272	0/1
X	20829026	20829181	155	1/1
X	20896455	20897005	550	1/1
X	21153785	21154115	330	0/1
X	22790663	22790950	287	1/1
X	24456905	50422641	25965736	1/1
X	29825250	29825403	153	0/1
X	30351938	30352241	303	1/1
X	30999816	31002276	2460	0/1
X	40539382	40540007	625	1/1
X	41200867	41201746	879	1/1
X	43603416	43603612	196	0/1
X	43813839	43814179	340	1/1
X	45592223	45592711	488	0/1
X	45732357	45732957	600	0/1
X	47440461	47440813	352	0/1
X	50422638	50423696	1058	1/1
X	56954778	56955803	1025	0/1
X	58170148	58170486	338	0/1
X	58281984	58282190	206	0/1
X	71090906	71104811	13905	0/1
X	76841341	77078240	236899	0/1
X	83953757	83953981	224	1/1
X	103381749	103384074	2325	0/1
X	103384075	112600853	9216778	0/1
X	111707730	111708792	1062	0/1
X	113755354	113755686	332	0/1
X	124107243	124109008	1765	0/1
X	135893389	135893991	602	0/1
X	138941963	138942286	323	0/1
X	144652984	144653565	581	0/1
X	151057026	151058865	1839	0/1
X	151439970	151440647	677	1/1
Y	2749764	2749938	174	1/1
Y	4081188	4081635	447	1/1
Y	5872872	5873894	1022	1/1
Y	8620710	8620962	252	1/1
Y	8764645	8766909	2264	0/1
Y	13945197	13945842	645	1/1
Y	13945840	19350306	5404466	1/1
Y	14016221	14016546	325	1/1
Y	17402652	17403197	545	0/1
Y	18619950	18620144	194	0/1
Y	19237197	19237763	566	0/1
Y	21070055	21070515	460	0/1
Y	22175081	22175510	429	1/1
Y	24429662	24429910	248	0/1
