1	7412662	7412995	-333	1/1
1	7570071	7571510	-1439	0/1
1	10482502	10483777	-1275	0/1
1	10705148	10705377	-229	0/1
1	11682894	11683185	-291	1/1
1	14436354	14436655	-301	0/1
1	17676183	17677666	-1483	0/1
1	18222432	18222750	-318	1/1
1	19427067	19428012	-945	0/1
1	20497194	20497737	-543	0/1
1	30521100	30521679	-579	0/1
1	31648815	31650577	-1762	0/1
1	37816473	37816710	-237	0/1
1	39084267	39085829	-1562	0/1
1	39906998	39907621	-623	1/1
1	39908584	39909115	-531	0/1
1	40012572	40013159	-587	0/1
1	41370320	41370657	-337	0/1
1	43694063	43695543	-1480	0/1
1	55092274	55095966	-3692	0/1
1	60048637	60049637	-1000	0/1
1	60706454	60707445	-991	0/1
1	62082863	62083701	-838	1/1
1	62113414	62119520	-6106	1/1
1	62277542	62277866	-324	1/1
1	68007988	68008816	-828	1/1
1	72755696	72764074	-8378	0/1
1	72766324	72811839	-45515	0/1
1	80221782	80223040	-1258	1/1
1	93824541	93825724	-1183	0/1
1	3082623	99818178	-96735555	1/1
1	99817967	99820376	-2409	0/1
1	104443199	104443725	-526	0/1
1	105218644	105219444	-800	0/1
1	106164398	106215440	-51042	0/1
1	110187176	110191372	-4196	1/1
1	112355871	112356523	-652	0/1
1	113231761	113232033	-272	0/1
1	113799631	113800090	-459	0/1
1	145506079	145506577	-498	0/1
1	157105502	157106097	-595	1/1
1	236486321	236486969	-648	1/1
1	150239057	150239474	-417	1/1
1	150240189	150240355	-166	1/1
1	150297544	150298207	-663	1/1
1	152327364	152327929	-565	0/1
1	152555542	152587740	-32198	1/1
1	153133707	153133977	-270	1/1
1	158488408	158488675	-267	0/1
1	158786964	158788065	-1101	0/1
1	158867533	158869981	-2448	0/1
1	159648708	159649657	-949	1/1
1	160101181	160102170	-989	1/1
1	161011201	161011438	-237	1/1
1	162094740	162095251	-511	1/1
1	166649075	166650347	-1272	0/1
1	168572262	168574235	-1973	0/1
1	173024156	173025698	-1542	1/1
1	174711580	174712203	-623	1/1
1	179607281	179608048	-767	1/1
1	183060808	183061525	-717	1/1
1	183119634	183119908	-274	1/1
1	187176117	187176394	-277	0/1
1	187716106	187722532	-6426	0/1
1	188539456	188540229	-773	1/1
1	194060080	194060242	-162	1/1
1	194451079	194454281	-3202	0/1
1	197894019	197894302	-283	0/1
1	198773749	198775414	-1665	0/1
1	199110038	199113789	-3751	0/1
1	207542034	207545564	-3530	1/1
1	210078055	210085970	-7915	1/1
1	211239582	211240034	-452	0/1
1	187176396	220732671	-33556275	0/1
1	221724856	221725076	-220	1/1
1	229373388	229373762	-374	0/1
1	229812537	229820836	-8299	1/1
1	232458593	232460251	-1658	0/1
1	166650349	232538645	-65888296	0/1
1	235537092	235538334	-1242	0/1
1	240392999	240394778	-1779	0/1
1	241664445	241666388	-1943	1/1
1	243094719	243095779	-1060	0/1
1	243782745	243783741	-996	1/1
1	244486473	244486627	-154	0/1
2	32148	34838	-2690	0/1
2	2798774	2799242	-468	1/1
2	6766076	6766477	-401	0/1
2	4212676	4223309	-10633	0/1
2	5736056	5737331	-1275	0/1
2	12024378	12024661	-283	1/1
2	17585128	17590593	-5465	0/1
2	17943810	17945642	-1832	1/1
2	56652245	56655804	-3559	0/1
2	32282815	32284141	-1326	0/1
2	32750087	32750529	-442	1/1
2	33224462	33227292	-2830	0/1
2	34695829	34736558	-40729	0/1
2	41110163	41110687	-524	1/1
2	41738706	41740961	-2255	0/1
2	42346258	42347371	-1113	0/1
2	44467109	44468831	-1722	0/1
2	51224548	51225542	-994	0/1
2	52749686	52785270	-35584	0/1
2	82880292	86868089	-3987797	1/1
2	65945824	65946411	-587	1/1
2	66505594	66507553	-1959	0/1
2	69376108	69376519	-411	1/1
2	75362163	75364223	-2060	1/1
2	76557057	76557290	-233	0/1
2	28699618	78065255	-49365637	0/1
2	78065255	78067501	-2246	0/1
2	78117891	78118357	-466	0/1
2	79076572	79081206	-4634	0/1
2	86868093	86870249	-2156	1/1
2	96858207	96858815	-608	1/1
2	96860747	96861078	-331	1/1
2	97854031	97855909	-1878	0/1
2	98412867	98413304	-437	0/1
2	98430852	98431661	-809	0/1
2	106695078	106695894	-816	1/1
2	111488626	111490910	-2284	1/1
2	113405041	113405228	-187	1/1
2	113414819	113416401	-1582	0/1
2	113417339	113417961	-622	0/1
2	116501211	116503398	-2187	0/1
2	110312519	118889784	-8577265	0/1
2	118889785	118891453	-1668	0/1
2	121391980	121392416	-436	1/1
2	121797808	121798392	-584	0/1
2	123364878	123365346	-468	1/1
2	124170258	124170584	-326	1/1
2	124560726	124563027	-2301	0/1
2	126378588	126385342	-6754	0/1
2	130954894	130957375	-2481	0/1
2	124563028	224198938	-99635910	0/1
2	132029145	132029473	-328	0/1
2	138490115	138490487	-372	0/1
2	154494935	154495147	-212	0/1
2	154895770	154899174	-3404	0/1
2	159298586	159299173	-587	1/1
2	159661996	159662872	-876	0/1
2	166014695	166016744	-2049	0/1
2	172438434	172438899	-465	0/1
2	173554472	173556235	-1763	0/1
2	178287637	178288060	-423	1/1
2	180065487	180081665	-16178	0/1
2	186852349	186852738	-389	0/1
2	189119619	189120925	-1306	0/1
2	190095853	190102917	-7064	0/1
2	196214816	196215226	-410	1/1
2	198266251	198266463	-212	1/1
2	199470770	199471143	-373	0/1
2	200312455	200312679	-224	1/1
2	202552025	202554363	-2338	0/1
2	208354266	208354841	-575	0/1
2	209103958	209104586	-628	1/1
2	215728763	215730831	-2068	1/1
2	216208765	216209021	-256	0/1
2	216242986	216243850	-864	1/1
2	217955896	217957266	-1370	0/1
2	220052355	220055973	-3618	1/1
2	223781214	223782763	-1549	0/1
2	223787549	223787793	-244	0/1
2	229264346	229268336	-3990	0/1
2	231884123	231885227	-1104	0/1
2	233332718	233333462	-744	0/1
2	234756429	234757775	-1346	1/1
2	238746300	238746663	-363	0/1
2	239500397	239501711	-1314	0/1
3	228723	234360	-5637	0/1
3	1782255	1788457	-6202	0/1
3	6700874	6701253	-379	0/1
3	8160556	8163017	-2461	1/1
3	9134822	9135244	-422	1/1
3	13681182	13682271	-1089	0/1
3	16305738	16306274	-536	1/1
3	18729957	18730778	-821	0/1
3	20311377	20317734	-6357	0/1
3	26450970	26452298	-1328	0/1
3	30245938	30246287	-349	0/1
3	31666579	31667444	-865	1/1
3	32806759	32808046	-1287	1/1
3	33056587	33058446	-1859	1/1
3	33287946	33289772	-1826	0/1
3	41280845	41281148	-303	1/1
3	41336681	41337229	-548	1/1
3	47490669	47493440	-2771	1/1
3	50098654	50098894	-240	1/1
3	52736781	52736988	-207	1/1
3	55238654	55239378	-724	1/1
3	56604700	56604955	-255	0/1
3	57109771	57110551	-780	1/1
3	40219415	58400580	-18181165	0/1
3	58400579	58401845	-1266	0/1
3	97631499	97632299	-800	1/1
3	68464392	68464828	-436	1/1
3	68634773	68640253	-5480	0/1
3	69065661	69066253	-592	1/1
3	70013476	70013887	-411	0/1
3	74685636	74685970	-334	0/1
3	8163018	77762542	-69599524	1/1
3	78779423	78779718	-295	1/1
3	80971287	80971499	-212	1/1
3	82216706	82217764	-1058	0/1
3	95465753	95467878	-2125	0/1
3	97151614	97151851	-237	0/1
3	98410675	98414737	-4062	0/1
3	98899063	98902389	-3326	1/1
3	98943804	98949512	-5708	0/1
3	111243622	111248918	-5296	0/1
3	118281605	118281823	-218	1/1
3	118347790	118349646	-1856	1/1
3	119764187	119766499	-2312	0/1
3	124936295	124937163	-868	0/1
3	166672292	166674374	-2082	0/1
3	168738456	168738835	-379	0/1
3	129302512	129302967	-455	0/1
3	131965276	131965600	-324	1/1
3	132221313	132222054	-741	1/1
3	133952456	133954185	-1729	0/1
3	136021013	136026196	-5183	1/1
3	136064139	136064413	-274	0/1
3	148281440	148285419	-3979	0/1
3	155234986	155235979	-993	0/1
3	158287521	158288326	-805	0/1
3	158539442	158539769	-327	0/1
3	162717305	162723572	-6267	0/1
3	162816800	162817192	-392	1/1
3	119766508	169012636	-49246128	0/1
3	170163578	170164000	-422	1/1
3	172060906	172061874	-968	1/1
3	174245533	174245879	-346	0/1
3	177294510	177297473	-2963	0/1
3	178567653	178568343	-690	0/1
3	179654341	179654804	-463	0/1
3	183876824	183877378	-554	0/1
3	184020606	184020781	-175	0/1
3	189737348	189740524	-3176	0/1
3	190478458	190478634	-176	0/1
3	190955847	190957031	-1184	1/1
3	191264245	191266179	-1934	0/1
3	192304879	192312814	-7935	0/1
3	192875332	192885405	-10073	1/1
3	196934573	196939249	-4676	0/1
3	197843928	197850159	-6231	0/1
4	1602959	1603669	-710	0/1
4	6909614	6911693	-2079	1/1
4	7524947	7527049	-2102	0/1
4	7575039	7575871	-832	0/1
4	8976890	9000624	-23734	0/1
4	9457899	9482189	-24290	0/1
4	10119092	10119445	-353	0/1
4	10211267	10234567	-23300	0/1
4	10392432	10402168	-9736	0/1
4	11525605	11525879	-274	1/1
4	12441595	12441898	-303	0/1
4	14304733	14305939	-1206	1/1
4	7575875	17637963	-10062088	0/1
4	18095096	18095279	-183	0/1
4	21614176	21614634	-458	0/1
4	24443635	24444506	-871	0/1
4	28076094	28076972	-878	1/1
4	28421591	28421940	-349	0/1
4	32781357	32781597	-240	0/1
4	34780005	34829026	-49021	1/1
4	35038338	35040416	-2078	0/1
4	35833881	35835787	-1906	0/1
4	16537548	42308462	-25770914	0/1
4	46061813	46064148	-2335	0/1
4	46202797	46205026	-2229	0/1
4	48484861	48485171	-310	1/1
4	53980090	53981038	-948	1/1
4	57761060	57761472	-412	1/1
4	61330106	61333185	-3079	1/1
4	63669426	63676126	-6700	0/1
4	64694327	64714370	-20043	0/1
4	64920392	64921790	-1398	1/1
4	65719085	65719464	-379	0/1
4	73831249	73831820	-571	0/1
4	85247948	85248357	-409	0/1
4	86976377	86979951	-3574	0/1
4	87554031	87555331	-1300	0/1
4	90530281	90530861	-580	0/1
4	91931557	91935836	-4279	0/1
4	101960156	101961187	-1031	0/1
4	107056578	107063361	-6783	0/1
4	107974329	107974486	-157	0/1
4	109721081	109722205	-1124	0/1
4	113646381	113646571	-190	1/1
4	115525491	115525916	-425	0/1
4	119125415	119130199	-4784	0/1
4	120027244	120027578	-334	0/1
4	120865523	120866596	-1073	0/1
4	122282252	122289951	-7699	0/1
4	125078261	125079715	-1454	0/1
4	88229056	125376320	-37147264	0/1
4	127545934	127547500	-1566	0/1
4	146438813	146440450	-1637	0/1
4	170278464	170278881	-417	0/1
4	130626374	130626642	-268	0/1
4	133445432	133445701	-269	1/1
4	135433002	135435696	-2694	1/1
4	64921791	135899254	-70977463	1/1
4	141354838	141355975	-1137	0/1
4	145316361	145319823	-3462	0/1
4	145591941	145592486	-545	0/1
4	146919520	146927655	-8135	1/1
4	152252540	152254126	-1586	0/1
4	156849582	156850692	-1110	0/1
4	157305270	157306907	-1637	0/1
4	161485963	161486359	-396	1/1
4	162053250	162053523	-273	0/1
4	172374412	172379425	-5013	1/1
4	172988640	172992930	-4290	1/1
4	174533074	174535911	-2837	0/1
4	175185508	175186623	-1115	0/1
4	132600842	180574167	-47973325	0/1
4	180574166	180574810	-644	0/1
4	186441637	186444073	-2436	1/1
4	187614520	187614844	-324	1/1
4	187971256	187972692	-1436	0/1
5	1178294	1180732	-2438	1/1
5	2769428	2769640	-212	1/1
5	9389992	9390487	-495	0/1
5	10273293	10275128	-1835	0/1
5	12811019	12820523	-9504	1/1
5	16124810	16125484	-674	0/1
5	17065487	17067841	-2354	0/1
5	19375269	19376393	-1124	0/1
5	26720853	26722820	-1967	1/1
5	26796697	26801896	-5199	1/1
5	30915523	30916055	-532	0/1
5	21413171	33157712	-11744541	0/1
5	33157713	33158886	-1173	0/1
5	17067842	34018431	-16950589	0/1
5	31443611	38986991	-7543380	1/1
5	38986990	38988870	-1880	1/1
5	39211295	39213530	-2235	1/1
5	41425481	41426016	-535	0/1
5	26722823	43124319	-16401496	1/1
5	45274023	45276005	-1982	0/1
5	53144381	53146071	-1690	1/1
5	57434256	57435135	-879	1/1
5	62687437	62687706	-269	1/1
5	65028099	65030380	-2281	0/1
5	65712699	65712988	-289	0/1
5	74654654	74654994	-340	0/1
5	76855207	76855640	-433	0/1
5	82063485	82066153	-2668	0/1
5	86815134	86816037	-903	0/1
5	87186506	87187436	-930	0/1
5	92250603	92251622	-1019	1/1
5	106324752	106326430	-1678	0/1
5	113156561	113172796	-16235	0/1
5	113434067	113434732	-665	1/1
5	117868223	117868532	-309	0/1
5	119380147	119382676	-2529	0/1
5	120817325	120819631	-2306	0/1
5	121296445	121296896	-451	1/1
5	121355036	121355780	-744	1/1
5	122152723	122152974	-251	0/1
5	123069968	123070342	-374	1/1
5	127336000	127336936	-936	0/1
5	127407443	127410916	-3473	0/1
5	170129813	170131265	-1452	0/1
5	141459200	141459505	-305	0/1
5	135733907	135734062	-155	1/1
5	136854725	136856366	-1641	1/1
5	140957913	140958080	-167	1/1
5	144871906	144872805	-899	0/1
5	146622651	146623084	-433	1/1
5	147819355	147819986	-631	1/1
5	78733172	150149969	-71416797	0/1
5	150149967	150150856	-889	0/1
5	150646474	150646854	-380	1/1
5	153805410	153807221	-1811	0/1
5	155666019	155666432	-413	0/1
5	92251624	160441268	-68189644	1/1
5	163665046	163666447	-1401	0/1
5	170276427	170276592	-165	1/1
5	171151849	171152294	-445	1/1
5	168540800	175415860	-6875060	1/1
5	178106899	178111839	-4940	0/1
5	178109065	178113458	-4393	0/1
5	178348362	178353195	-4833	0/1
5	180569234	180569978	-744	1/1
6	684064	684652	-588	1/1
6	10830895	10831679	-784	1/1
6	12551833	12552843	-1010	0/1
6	10831682	14367703	-3536021	1/1
6	16884968	16886093	-1125	0/1
6	19041212	19049409	-8197	0/1
6	20798849	20799980	-1131	1/1
6	28099763	28101473	-1710	0/1
6	29843103	29849116	-6013	1/1
6	29766210	29922691	-156481	0/1
6	31278990	31288598	-9608	0/1
6	24865281	50200527	-25335246	1/1
6	51199476	51200122	-646	0/1
6	32461277	32468767	-7490	1/1
6	32480579	32481153	-574	1/1
6	32514888	32516240	-1352	1/1
6	33583198	33585844	-2646	0/1
6	33937829	33942689	-4860	0/1
6	34722687	34723041	-354	1/1
6	35626434	35629744	-3310	1/1
6	38537921	38538496	-575	1/1
6	38577854	38578631	-777	0/1
6	41920861	41922116	-1255	0/1
6	42837602	42839297	-1695	0/1
6	34723042	45022805	-10299763	1/1
6	5990601	46586412	-40595811	0/1
6	50200527	50201863	-1336	1/1
6	51736111	51736804	-693	0/1
6	53928709	53934680	-5971	0/1
6	28101474	56652969	-28551495	0/1
6	57175362	57175785	-423	0/1
6	62199758	62206519	-6761	1/1
6	78967195	79036466	-69271	0/1
6	69138587	69139390	-803	0/1
6	69471197	69471720	-523	0/1
6	71891035	71892394	-1359	0/1
6	72863850	72873535	-9685	0/1
6	73080479	73082434	-1955	0/1
6	74592062	74602439	-10377	0/1
6	74932723	74933064	-341	0/1
6	77054698	77054898	-200	0/1
6	77097496	77102641	-5145	1/1
6	79521086	79530685	-9599	0/1
6	86623834	86625825	-1991	1/1
6	89921753	89922176	-423	0/1
6	92753728	92754080	-352	1/1
6	95193324	95194336	-1012	1/1
6	100034501	100035315	-814	1/1
6	101934559	101939023	-4464	0/1
6	102066741	102066946	-205	1/1
6	103737465	103762885	-25420	0/1
6	110512002	110513765	-1763	0/1
6	111168531	111169517	-986	0/1
6	137313694	137314186	-492	1/1
6	124546664	131321516	-6774852	0/1
6	131321516	131323260	-1744	0/1
6	141548624	141550028	-1404	0/1
6	142759921	142760606	-685	0/1
6	151485953	151487013	-1060	0/1
6	159057929	159058158	-229	0/1
6	165724669	165732132	-7463	0/1
7	8698630	8698846	-216	1/1
7	9676125	9679555	-3430	0/1
7	14451267	14451430	-163	1/1
7	19646586	19646804	-218	1/1
7	24038165	24040070	-1905	0/1
7	26137026	26145496	-8470	0/1
7	41514656	41515940	-1284	0/1
7	42004592	42005133	-541	1/1
7	13136358	43273831	-30137473	0/1
7	43273830	43275351	-1521	0/1
7	44737623	44739848	-2225	0/1
7	44739851	45924030	-1184179	0/1
7	42405103	46657291	-4252188	0/1
7	46657290	46658622	-1332	0/1
7	52520173	52520373	-200	1/1
7	55971772	55972134	-362	0/1
7	56761984	56769947	-7963	0/1
7	57410199	57410843	-644	0/1
7	101382533	101384004	-1471	0/1
7	64413373	64414027	-654	0/1
7	64425469	64425934	-465	1/1
7	65589705	65591965	-2260	0/1
7	73267125	73268204	-1079	0/1
7	73549807	73550966	-1159	1/1
7	73828494	73831315	-2821	0/1
7	76870500	76870754	-254	1/1
7	79960954	79966313	-5359	0/1
7	81441533	81442447	-914	0/1
7	83915441	83916147	-706	0/1
7	84153283	84154206	-923	1/1
7	90150259	90150499	-240	0/1
7	93541816	93542536	-720	1/1
7	94162820	94163690	-870	0/1
7	95478236	95478526	-290	1/1
7	96543282	96546513	-3231	0/1
7	96650505	96651354	-849	0/1
7	101059187	101060266	-1079	0/1
7	106583080	106584020	-940	1/1
7	107464069	107464739	-670	0/1
7	109436668	109453882	-17214	1/1
7	110181968	110188432	-6464	1/1
7	111460877	111461269	-392	1/1
7	126045889	126051447	-5558	1/1
7	94163695	132934133	-38770438	0/1
7	133785003	133798329	-13326	0/1
7	140189223	140190150	-927	1/1
7	67908571	140662571	-72754000	0/1
7	140662780	140662980	-200	1/1
7	142475558	142486114	-10556	0/1
7	144877559	144879776	-2217	0/1
7	69695879	145988218	-76292339	1/1
7	145988218	145989128	-910	1/1
7	148701303	148702231	-928	0/1
7	150718947	150719421	-474	0/1
7	151230197	151231840	-1643	1/1
7	151671202	151671374	-172	0/1
7	152574767	152580312	-5545	0/1
7	152708468	152708845	-377	0/1
8	549219	549570	-351	1/1
8	594397	599411	-5014	0/1
8	2122084	2122346	-262	0/1
8	3509663	3511418	-1755	1/1
8	4122885	4124956	-2071	0/1
8	4507786	4508331	-545	0/1
8	4482238	5588242	-1106004	1/1
8	5588241	5589042	-801	1/1
8	9129383	9129554	-171	0/1
8	9756057	9756456	-399	0/1
8	3511419	10941633	-7430214	1/1
8	11096178	11098311	-2133	1/1
8	11787902	11892940	-105038	0/1
8	13580539	13581678	-1139	0/1
8	14644858	14645356	-498	0/1
8	15115635	15116814	-1179	0/1
8	15747566	15747888	-322	1/1
8	21249740	21250169	-429	1/1
8	17065601	17067436	-1835	0/1
8	19555555	19556235	-680	0/1
8	24972434	24990943	-18509	1/1
8	25614291	25614693	-402	1/1
8	26699928	26701209	-1281	0/1
8	27277079	27277871	-792	0/1
8	29963053	29963485	-432	0/1
8	40774606	40779743	-5137	0/1
8	35749005	35749317	-312	1/1
8	37036651	37038105	-1454	1/1
8	37328949	37329522	-573	0/1
8	27277873	38661541	-11383668	0/1
8	39018233	39019594	-1361	1/1
8	42190443	42194371	-3928	1/1
8	47405882	47407890	-2008	0/1
8	49093386	49093978	-592	1/1
8	53978167	53980268	-2101	0/1
8	59426619	59427219	-600	1/1
8	64097931	65201837	-1103906	0/1
8	67120750	67121715	-965	0/1
8	72184326	72184912	-586	1/1
8	72524503	72524708	-205	0/1
8	77112578	77113093	-515	0/1
8	82045018	82046618	-1600	0/1
8	82460156	82461192	-1036	0/1
8	85742856	85743986	-1130	1/1
8	53980274	89142656	-35162382	0/1
8	94866158	94866405	-247	0/1
8	82461193	95548408	-13087215	0/1
8	97243356	97244000	-644	1/1
8	72263965	99717935	-27453970	0/1
8	99717934	99720302	-2368	0/1
8	110236315	110238592	-2277	0/1
8	112294052	112297139	-3087	1/1
8	114056495	114058772	-2277	0/1
8	114934393	114934682	-289	0/1
8	117651115	117652769	-1654	1/1
8	118873738	118875467	-1729	0/1
8	119518705	119519215	-510	0/1
8	120398849	120399225	-376	1/1
8	120645682	120646205	-523	0/1
8	120733874	120734041	-167	0/1
8	119519217	124176624	-4657407	0/1
8	124186001	124186369	-368	1/1
8	138742967	138743861	-894	1/1
8	145649652	145650100	-448	1/1
8	146057034	146057841	-807	0/1
9	547416	547753	-337	0/1
9	4376421	4377644	-1223	0/1
9	6729227	6730109	-882	0/1
9	7176262	7176671	-409	1/1
9	10404564	10405091	-527	1/1
9	11846229	11846713	-484	1/1
9	15815309	15821940	-6631	0/1
9	22496527	22504343	-7816	1/1
9	23362801	23377683	-14882	0/1
9	27320485	27322307	-1822	0/1
9	28846386	28847643	-1257	0/1
9	33036688	33037012	-324	1/1
9	33774138	33775728	-1590	1/1
9	35706899	35707067	-168	1/1
9	36378160	36380498	-2338	0/1
9	37435662	37436035	-373	0/1
9	71895390	71896562	-1172	0/1
9	74448959	74449917	-958	0/1
9	79687911	79689473	-1562	0/1
9	80095035	80095482	-447	0/1
9	83378732	83379323	-591	1/1
9	76178374	88302206	-12123832	0/1
9	88334383	88335625	-1242	0/1
9	91708841	91785101	-76260	0/1
9	93827622	93829310	-1688	1/1
9	95656917	95657253	-336	1/1
9	96323533	96324488	-955	1/1
9	96500163	96503042	-2879	0/1
9	99868798	99869057	-259	0/1
9	96188842	100505074	-4316232	0/1
9	100505073	100506287	-1214	0/1
9	101000321	101001112	-791	0/1
9	101347986	101348316	-330	0/1
9	104180593	104180934	-341	0/1
9	104219699	104220378	-679	1/1
9	108029757	108030582	-825	1/1
9	109473241	109473777	-536	1/1
9	113234868	113236936	-2068	1/1
9	115444314	115445121	-807	0/1
9	118310396	118311023	-627	0/1
9	121420867	121423636	-2769	0/1
9	124019575	124021867	-2292	1/1
9	113826404	125294629	-11468225	0/1
9	125294486	125296712	-2226	0/1
9	136625195	136626262	-1067	0/1
9	129520421	129523199	-2778	0/1
9	130233808	130234527	-719	1/1
9	130868799	130869305	-506	1/1
9	133005511	133005916	-405	0/1
9	133947951	133948490	-539	0/1
9	135144548	135144735	-187	1/1
9	122236148	137432369	-15196221	0/1
9	137432368	137434011	-1643	0/1
9	138214066	138217603	-3537	0/1
9	88335627	138762621	-50426994	0/1
9	139456208	139457907	-1699	0/1
9	140886950	140887540	-590	1/1
10	1662213	1663686	-1473	0/1
10	5411806	5414169	-2363	1/1
10	7077040	7078300	-1260	1/1
10	5414171	9233533	-3819362	1/1
10	9684479	9686965	-2486	0/1
10	11323865	11325088	-1223	1/1
10	12411204	12412021	-817	0/1
10	14241572	14242460	-888	0/1
10	16048979	16049566	-587	1/1
10	17310711	17315493	-4782	0/1
10	18503076	18503589	-513	1/1
10	18691969	18692998	-1029	0/1
10	21432215	21432460	-245	0/1
10	21794307	21794569	-262	0/1
10	154785	23758498	-23603713	0/1
10	23758498	23760697	-2199	0/1
10	2215065	24401786	-22186721	1/1
10	24401787	24403171	-1384	1/1
10	9686966	25307696	-15620730	0/1
10	1663688	25509268	-23845580	0/1
10	25732571	25733060	-489	0/1
10	26999035	27002130	-3095	0/1
10	27676744	27677938	-1194	1/1
10	30186633	30188518	-1885	1/1
10	59209787	59211853	-2066	0/1
10	32553578	32554359	-781	0/1
10	37716171	37716572	-401	1/1
10	30682633	38236783	-7554150	0/1
10	49600905	49602740	-1835	0/1
10	52862869	52864558	-1689	0/1
10	53386493	53387130	-637	1/1
10	56682780	56684358	-1578	0/1
10	57701030	57701203	-173	0/1
10	59875361	60653167	-777806	0/1
10	61202686	61203527	-841	0/1
10	61332297	61334668	-2371	0/1
10	62305239	62305644	-405	1/1
10	63080280	63080986	-706	1/1
10	63658652	63659326	-674	0/1
10	66398774	66400744	-1970	0/1
10	69422163	69424653	-2490	0/1
10	70068227	70070644	-2417	0/1
10	74681357	74683639	-2282	1/1
10	74833586	74834563	-977	1/1
10	75577954	75578374	-420	0/1
10	82904657	82904910	-253	1/1
10	83939376	83940130	-754	1/1
10	85522715	85523905	-1190	0/1
10	88213093	88213412	-319	0/1
10	88232101	88232368	-267	0/1
10	89298791	89300142	-1351	1/1
10	92172711	92173218	-507	0/1
10	49602741	93450291	-43847550	0/1
10	102911582	102912256	-674	1/1
10	107253002	107253351	-349	1/1
10	107950684	107951595	-911	1/1
10	108030321	108032541	-2220	0/1
10	52864559	114695668	-61831109	0/1
10	117711617	117712002	-385	0/1
10	122226688	122228792	-2104	1/1
10	120482935	126087507	-5604572	0/1
10	127345118	127345659	-541	0/1
10	130836871	130837274	-403	0/1
10	131571820	131572210	-390	1/1
10	132988684	132991171	-2487	0/1
11	775142	776000	-858	1/1
11	2372952	2374066	-1114	0/1
11	5521631	5523171	-1540	0/1
11	5563816	5565718	-1902	1/1
11	13761983	13762528	-545	0/1
11	11537967	11538470	-503	1/1
11	12244291	12244955	-664	0/1
11	16302579	16302907	-328	0/1
11	20112648	20113974	-1326	0/1
11	6490024	22707108	-16217084	0/1
11	22707109	22707579	-470	0/1
11	2374066	24727127	-22353061	0/1
11	28028803	28029373	-570	1/1
11	29007201	29012796	-5595	0/1
11	29139325	29140266	-941	0/1
11	31393776	31397646	-3870	0/1
11	34175927	34176247	-320	0/1
11	34186906	34188805	-1899	0/1
11	34186905	34189363	-2458	0/1
11	34188912	34189447	-535	1/1
11	23723465	35752598	-12029133	1/1
11	35752598	35753111	-513	1/1
11	43909611	43909899	-288	1/1
11	45132765	45132956	-191	0/1
11	45429849	45431613	-1764	0/1
11	13762529	45468356	-31705827	0/1
11	46161017	46162398	-1381	0/1
11	47197479	47198034	-555	1/1
11	48928928	48929219	-291	0/1
11	49887086	49887453	-367	1/1
11	50640289	50641078	-789	0/1
11	54885459	54892294	-6835	0/1
11	55259153	55259591	-438	0/1
11	62085885	62088057	-2172	1/1
11	74873830	74875005	-1175	0/1
11	64888509	64888969	-460	1/1
11	65088424	65089286	-862	1/1
11	66872505	66872782	-277	1/1
11	67378679	67378872	-193	1/1
11	69400842	69401402	-560	1/1
11	74024908	74027387	-2479	0/1
11	74880812	74883421	-2609	0/1
11	76224446	76226445	-1999	0/1
11	87408598	87410801	-2203	0/1
11	88580516	88580710	-194	1/1
11	88819256	88819409	-153	1/1
11	88964485	88967930	-3445	1/1
11	90193708	90195997	-2289	0/1
11	76226446	91592981	-15366535	0/1
11	92771871	92773329	-1458	0/1
11	93021139	93022157	-1018	0/1
11	93661848	93664255	-2407	0/1
11	96001925	96003394	-1469	0/1
11	98248208	98248598	-390	0/1
11	117100575	117101064	-489	1/1
11	122929528	122929763	-235	0/1
11	123144904	123150435	-5531	0/1
11	127485976	127486325	-349	1/1
11	128682716	128683409	-693	0/1
12	5256645	5258661	-2016	0/1
12	6241438	6248077	-6639	0/1
12	6887087	6887405	-318	0/1
12	9016897	9017878	-981	1/1
12	9232412	9232688	-276	0/1
12	9721866	9722839	-973	0/1
12	9927334	9928171	-837	1/1
12	10813067	10813239	-172	0/1
12	11068046	11068298	-252	1/1
12	11134900	11136169	-1269	0/1
12	16420127	16421282	-1155	0/1
12	18814255	18814823	-568	0/1
12	19726524	19727061	-537	1/1
12	17039807	22158877	-5119070	0/1
12	25289387	25290657	-1270	1/1
12	29844384	29846435	-2051	0/1
12	30371317	30371742	-425	0/1
12	30478287	30480989	-2702	0/1
12	9928171	31334207	-21406036	0/1
12	34244831	34247383	-2552	0/1
12	38113483	38114218	-735	0/1
12	38786579	38786928	-349	1/1
12	41148390	41151158	-2768	0/1
12	41183196	41183501	-305	1/1
12	41473592	41476994	-3402	0/1
12	43071036	43071940	-904	0/1
12	43752407	43753977	-1570	0/1
12	45903153	45909939	-6786	0/1
12	52369711	52369931	-220	0/1
12	52395076	52395819	-743	0/1
12	59664927	59665100	-173	1/1
12	63864164	63864356	-192	0/1
12	112228366	112230227	-1861	1/1
12	112229223	112230345	-1122	1/1
12	112229967	112230401	-434	1/1
12	69991851	69992100	-249	1/1
12	70872266	70878216	-5950	0/1
12	71381843	71382333	-490	1/1
12	71602361	71604473	-2112	0/1
12	72760758	72760921	-163	1/1
12	76783611	76784198	-587	1/1
12	84593114	84596011	-2897	1/1
12	86426104	86432915	-6811	0/1
12	86695084	86697257	-2173	0/1
12	87697008	87698755	-1747	1/1
12	89611830	89612206	-376	0/1
12	92891134	92892950	-1816	1/1
12	94888987	94889322	-335	1/1
12	95344397	95345039	-642	1/1
12	104555607	104556075	-468	1/1
12	107966958	107967518	-560	0/1
12	112228367	112229107	-740	1/1
12	112229223	112229862	-639	0/1
12	112228230	112229597	-1367	0/1
12	112304038	112305373	-1335	0/1
12	117376447	117377731	-1284	0/1
12	130295419	130298262	-2843	0/1
12	131360916	131362777	-1861	0/1
13	20840324	20840560	-236	1/1
13	20825485	20828792	-3307	0/1
13	23632497	23637295	-4798	0/1
13	27050044	27052186	-2142	1/1
13	31043603	31043824	-221	0/1
13	34928044	34928563	-519	0/1
13	38071943	38085577	-13634	0/1
13	39057319	39060201	-2882	1/1
13	48064209	48066229	-2020	1/1
13	49267490	49267712	-222	1/1
13	41245097	50502855	-9257758	0/1
13	55941182	55941468	-286	0/1
13	56036959	56037910	-951	1/1
13	59449253	59450016	-763	0/1
13	38279990	65137262	-26857272	1/1
13	65137261	65139561	-2300	1/1
13	65637808	65638210	-402	0/1
13	69244702	69268749	-24047	0/1
13	72477265	72480576	-3311	0/1
13	72842932	72846814	-3882	0/1
13	75747633	75747824	-191	1/1
13	81856989	81859246	-2257	0/1
13	89800023	89800285	-262	1/1
13	94743842	94744619	-777	1/1
13	98249158	98249468	-310	0/1
13	99254188	99258454	-4266	0/1
13	104091765	104092246	-481	1/1
13	105887479	105887658	-179	1/1
13	108947019	108951793	-4774	0/1
13	59450017	109308731	-49858714	0/1
13	115007755	115008728	-973	1/1
13	115009464	115010364	-900	1/1
14	22774835	22775364	-529	0/1
14	23922251	23922646	-395	1/1
14	24313631	24314260	-629	1/1
14	26283876	26284799	-923	0/1
14	28561563	28562256	-693	1/1
14	31813878	31814050	-172	1/1
14	35428814	35432453	-3639	0/1
14	42987528	42992932	-5404	0/1
14	43372911	43373309	-398	0/1
14	51482425	51482975	-550	0/1
14	52378344	52378902	-558	0/1
14	53317371	53317789	-418	0/1
14	54710349	54713685	-3336	0/1
14	55004881	55005270	-389	1/1
14	56107926	56108407	-481	1/1
14	58357548	58358107	-559	1/1
14	60341398	60343241	-1843	0/1
14	61058055	61059479	-1424	0/1
14	65119314	65120007	-693	1/1
14	68157139	68157854	-715	0/1
14	70468977	70469478	-501	1/1
14	71364119	71364776	-657	0/1
14	72658320	72660784	-2464	0/1
14	78295157	78297065	-1908	0/1
14	80106290	80115049	-8759	0/1
14	83337527	83339188	-1661	0/1
14	85297116	85302155	-5039	1/1
14	87052899	87054462	-1563	0/1
14	91042435	91042697	-262	1/1
14	91581489	91583320	-1831	0/1
14	105415241	105418149	-2908	0/1
14	106330845	106354403	-23558	1/1
14	107174398	107174803	-405	0/1
15	24672139	24722655	-50516	0/1
15	25116921	25118664	-1743	0/1
15	27303235	27304763	-1528	0/1
15	35530966	35535743	-4777	0/1
15	39372373	39373449	-1076	0/1
15	39744391	39744850	-459	1/1
15	41730629	41745096	-14467	0/1
15	41709463	41744872	-35409	0/1
15	41745250	41749867	-4617	0/1
15	41709511	41749613	-40102	0/1
15	41750074	41756966	-6892	0/1
15	41750072	41762219	-12147	0/1
15	41762591	41763369	-778	0/1
15	41757085	41763140	-6055	0/1
15	41763549	41766816	-3267	0/1
15	41762590	41767594	-5004	0/1
15	41768722	41769360	-638	0/1
15	41766900	41769338	-2438	0/1
15	41769484	41769652	-168	0/1
15	41769714	41770744	-1030	0/1
15	41767993	41770455	-2462	0/1
15	41770823	41771300	-477	0/1
15	41771397	41772409	-1012	0/1
15	41769713	41772409	-2696	0/1
15	41771396	41772679	-1283	0/1
15	41772523	41772775	-252	0/1
15	41981927	41992525	-10598	0/1
15	42146327	42147487	-1160	0/1
15	44137059	44138852	-1793	0/1
15	47720634	47720807	-173	0/1
15	49421758	49422915	-1157	0/1
15	50902160	50903287	-1127	0/1
15	51216202	51217292	-1090	0/1
15	62706095	62707792	-1697	0/1
15	77330748	77332721	-1973	1/1
15	64196441	64197540	-1099	0/1
15	65816076	65819289	-3213	0/1
15	66877669	66878402	-733	0/1
15	67868325	67869350	-1025	0/1
15	71881491	71882867	-1376	0/1
15	69024498	73462665	-4438167	1/1
15	73462666	73462914	-248	1/1
15	74164205	74164385	-180	0/1
15	78008485	78012583	-4098	0/1
15	79227427	79228021	-594	1/1
15	86568121	86568311	-190	1/1
15	91981580	91989265	-7685	0/1
15	99574533	99575607	-1074	1/1
15	99656598	99657395	-797	0/1
15	100045875	100046957	-1082	0/1
15	100416586	100423139	-6553	0/1
15	101778823	101778990	-167	1/1
15	102379599	102379905	-306	1/1
16	1886491	1886797	-306	0/1
16	2012150	2012355	-205	0/1
16	2647276	2647650	-374	1/1
16	6170298	6171304	-1006	0/1
16	7184842	7185690	-848	1/1
16	8755280	8756838	-1558	0/1
16	9972826	9975265	-2439	0/1
16	11683759	11685290	-1531	0/1
16	13294467	13296494	-2027	0/1
16	15802702	15808765	-6063	0/1
16	20446456	20447262	-806	0/1
16	7709384	26083526	-18374142	0/1
16	31276819	31277130	-311	1/1
16	19945554	19967579	-22025	1/1
16	21106701	21107764	-1063	1/1
16	23760348	23762210	-1862	0/1
16	25204978	25207825	-2847	0/1
16	25340111	25343127	-3016	0/1
16	25639379	25640150	-771	0/1
16	25850340	25850784	-444	0/1
16	26083527	26085304	-1777	0/1
16	26288711	26289451	-740	0/1
16	34356588	34356904	-316	0/1
16	48089364	48089787	-423	0/1
16	48508955	48511370	-2415	1/1
16	57725395	57727846	-2451	0/1
16	58647203	58650272	-3069	0/1
16	67982024	67984375	-2351	0/1
16	70574035	70575000	-965	1/1
16	72655172	72655412	-240	1/1
16	73114119	73114709	-590	1/1
16	74094557	74106935	-12378	0/1
16	75821759	75822063	-304	1/1
16	76539133	76544024	-4891	1/1
16	78171665	78172338	-673	0/1
16	78371638	78384898	-13260	0/1
16	78782225	78782863	-638	1/1
16	78876652	78877549	-897	0/1
16	78998853	78999569	-716	1/1
16	80431513	80432061	-548	0/1
16	80976505	80983282	-6777	0/1
16	82451690	82452121	-431	0/1
16	83442677	83443044	-367	0/1
16	83889120	83889296	-176	1/1
16	85149514	85150080	-566	1/1
16	85302493	85304390	-1897	0/1
16	87902230	87903263	-1033	1/1
16	89817766	89819987	-2221	1/1
17	801626	802271	-645	1/1
17	1654702	1655425	-723	0/1
17	1912697	1913534	-837	0/1
17	3734810	3735849	-1039	1/1
17	2043436	2043924	-488	1/1
17	3583717	3584242	-525	0/1
17	4515166	4515539	-373	1/1
17	5013236	5015078	-1842	1/1
17	6186548	6188987	-2439	1/1
17	6401245	6402394	-1149	1/1
17	7467277	7467437	-160	0/1
17	8733795	8734209	-414	0/1
17	12718691	12719091	-400	0/1
17	13788076	13788936	-860	0/1
17	14189911	14191555	-1644	0/1
17	14349601	14349952	-351	1/1
17	18155131	18155312	-181	1/1
17	18853853	18854030	-177	0/1
17	20611080	20614561	-3481	0/1
17	25561988	25562285	-297	1/1
17	26883285	26883841	-556	0/1
17	26906857	26907026	-169	0/1
17	27000537	27001299	-762	0/1
17	28007514	28009460	-1946	1/1
17	30999750	31000088	-338	0/1
17	39779286	39780329	-1043	0/1
17	49623998	49627052	-3054	0/1
17	58340997	58343387	-2390	0/1
17	32583358	32583740	-382	1/1
17	32646596	32647284	-688	1/1
17	32646595	32647744	-1149	1/1
17	32647405	32647820	-415	1/1
17	32683621	32684491	-870	0/1
17	33953861	33954406	-545	0/1
17	36821302	36821881	-579	0/1
17	36963485	36965072	-1587	1/1
17	37813340	37814027	-687	0/1
17	39421806	39432390	-10584	0/1
17	39775940	39776910	-970	0/1
17	40495724	40496300	-576	0/1
17	47351794	47353085	-1291	0/1
17	48216948	48217457	-509	0/1
17	52048409	52935324	-886915	0/1
17	55089729	55092832	-3103	0/1
17	41175474	56263383	-15087909	1/1
17	56263383	56263624	-241	1/1
17	57870215	57871184	-969	0/1
17	61334333	61336415	-2082	1/1
17	61573878	61574158	-280	0/1
17	62213178	62214145	-967	1/1
17	62467718	62468693	-975	0/1
17	62670876	62671483	-607	0/1
17	73907938	73908196	-258	1/1
17	75202483	75202808	-325	0/1
17	67025842	67027597	-1755	1/1
17	54305731	72338123	-18032392	0/1
17	72338122	72339140	-1018	0/1
17	61796825	73907820	-12110995	0/1
17	74783332	74788293	-4961	0/1
17	79470492	79471431	-939	0/1
17	79479387	79479757	-370	1/1
18	4490349	4492501	-2152	0/1
18	5270459	5272664	-2205	0/1
18	7301415	7302049	-634	1/1
18	3216264	9552019	-6335755	1/1
18	8469740	8471991	-2251	1/1
18	9552019	9553558	-1539	1/1
18	9621981	9622216	-235	1/1
18	9732423	9732922	-499	0/1
18	9960383	9962003	-1620	1/1
18	10159042	10159718	-676	0/1
18	10274886	10276182	-1296	0/1
18	8471992	10786704	-2314712	1/1
18	10792816	10793054	-238	1/1
18	2429538	11255364	-8825826	0/1
18	11255383	11256413	-1030	0/1
18	11509695	11511464	-1769	0/1
18	10276185	11885986	-1609801	0/1
18	5272665	12109966	-6837301	0/1
18	12493864	12495454	-1590	1/1
18	12495455	13164588	-669133	1/1
18	13647104	13647594	-490	0/1
18	5730218	14433669	-8703451	0/1
18	14433682	14435657	-1975	0/1
18	21990742	21992047	-1305	0/1
18	23747813	23751322	-3509	0/1
18	23762978	23766128	-3150	0/1
18	24959445	24959693	-248	1/1
18	26403487	26403661	-174	1/1
18	32530959	32531229	-270	0/1
18	34278718	34278923	-205	0/1
18	35306060	35306622	-562	1/1
18	38726568	38727247	-679	0/1
18	40240815	40241300	-485	0/1
18	43775447	43777034	-1587	0/1
18	46979020	46979601	-581	1/1
18	50462567	50463030	-463	0/1
18	51161098	51163061	-1963	0/1
18	51205969	51210539	-4570	0/1
18	53081282	53083760	-2478	1/1
18	58501336	58501725	-389	1/1
18	54719945	64913567	-10193622	0/1
18	64913566	64914995	-1429	0/1
18	64959014	64967261	-8247	0/1
18	51163062	65076124	-13913062	0/1
18	65145309	65145793	-484	0/1
18	66228957	66229335	-378	0/1
18	73901669	73902038	-369	0/1
18	76053624	76053873	-249	1/1
19	566209	569362	-3153	0/1
19	1255061	1255419	-358	0/1
19	3369257	3370515	-1258	0/1
19	3716064	3717364	-1300	0/1
19	3829107	3829437	-330	1/1
19	3982053	3982241	-188	1/1
19	4061196	4061668	-472	0/1
19	4560628	4562835	-2207	0/1
19	4860038	4861340	-1302	0/1
19	5509833	5510794	-961	0/1
19	5556707	5559024	-2317	1/1
19	5679411	5679594	-183	1/1
19	5707154	5707707	-553	1/1
19	8613998	8614979	-981	1/1
19	10996995	10997243	-248	1/1
19	12556686	12558259	-1573	0/1
19	12694905	12698930	-4025	0/1
19	12944680	12946553	-1873	1/1
19	13775671	13776809	-1138	0/1
19	14516754	14517139	-385	0/1
19	15046392	15049477	-3085	0/1
19	15274998	15275379	-381	1/1
19	27831182	27836571	-5389	0/1
19	17261380	17261813	-433	0/1
19	12946554	17417404	-4470850	1/1
19	18286507	18287949	-1442	0/1
19	18286506	18288386	-1880	0/1
19	18288102	18288519	-417	1/1
19	18507060	18509587	-2527	0/1
19	19834445	19839660	-5215	1/1
19	21062227	21062610	-383	1/1
19	21513923	21514082	-159	1/1
19	21561747	21562052	-305	0/1
19	5559028	22064855	-16505827	1/1
19	15275381	22143968	-6868587	1/1
19	23805773	23808325	-2552	0/1
19	23876683	23877184	-501	0/1
19	23893460	23895524	-2064	0/1
19	24055606	24150623	-95017	0/1
19	24314147	24315992	-1845	0/1
19	29541332	29541531	-199	0/1
19	31032834	31033259	-425	1/1
19	31287498	31289768	-2270	0/1
19	31916599	31917044	-445	1/1
19	57474871	57475204	-333	0/1
19	35832504	35833522	-1018	0/1
19	36979731	36980517	-786	1/1
19	37460701	37461257	-556	1/1
19	37702873	37703484	-611	0/1
19	36980520	39539191	-2558671	1/1
19	40143690	40144119	-429	0/1
19	46727842	46728269	-427	1/1
19	48886586	48887486	-900	0/1
19	50075122	50120305	-45183	0/1
19	50784937	50785273	-336	0/1
19	52888817	52891386	-2569	0/1
19	53086243	53086517	-274	1/1
19	54288325	54290430	-2105	1/1
19	54555104	54562392	-7288	0/1
19	56531818	56532302	-484	1/1
19	55704357	57474872	-1770515	0/1
19	59096467	59096620	-153	0/1
20	1561042	1594133	-33091	0/1
20	2637195	2637418	-223	1/1
20	2979924	2980979	-1055	0/1
20	3669268	3669801	-533	1/1
20	3671923	3673856	-1933	0/1
20	3784187	3785215	-1028	0/1
20	4840032	4842592	-2560	0/1
20	5290651	5291054	-403	1/1
20	7398709	7403591	-4882	0/1
20	7527162	7527620	-458	1/1
20	11086191	11086356	-165	1/1
20	15301734	15303768	-2034	1/1
20	15640072	15640609	-537	0/1
20	15640610	16239479	-598869	0/1
20	16844986	16845284	-298	1/1
20	19153141	19153708	-567	1/1
20	19905983	19906290	-307	0/1
20	13664475	20928863	-7264388	1/1
20	20928862	20931333	-2471	1/1
20	21518465	21520424	-1959	1/1
20	23103303	23103596	-293	1/1
20	23232034	23234224	-2190	1/1
20	24057555	24058375	-820	1/1
20	24504044	24504623	-579	1/1
20	24504627	24801299	-296672	1/1
20	21520426	25427379	-3906953	1/1
20	33067595	33068402	-807	0/1
20	33241853	33244269	-2416	0/1
20	33915947	33917036	-1089	0/1
20	34634359	34636383	-2024	0/1
20	38093482	38094279	-797	1/1
20	42271919	42274584	-2665	0/1
20	43129077	43129713	-636	1/1
20	43132637	43133441	-804	1/1
20	43135486	43135848	-362	1/1
20	43140010	43141439	-1429	0/1
20	44098501	44099025	-524	1/1
20	44217679	44218562	-883	1/1
20	44750997	44751248	-251	1/1
20	46264459	46264631	-172	1/1
20	46294039	46294600	-561	1/1
20	47719792	47720289	-497	0/1
20	48008399	48008878	-479	0/1
20	48584711	48585554	-843	1/1
20	50759230	50760928	-1698	0/1
20	52634229	52635879	-1650	0/1
20	53454784	53456677	-1893	0/1
20	55690754	55693020	-2266	0/1
20	60616721	60617281	-560	1/1
20	61304250	61305139	-889	1/1
20	61724699	61725595	-896	1/1
20	62825812	62829207	-3395	0/1
20	62949630	62959043	-9413	1/1
21	10428733	10429036	-303	0/1
21	10886670	10888373	-1703	1/1
21	14796730	14796982	-252	1/1
21	15692408	15692908	-500	1/1
21	16222466	16222665	-199	1/1
21	16232855	16234552	-1697	0/1
21	19326657	19329165	-2508	0/1
21	20104715	20107189	-2474	0/1
21	22861753	22863023	-1270	0/1
21	30068643	30069466	-823	0/1
21	30552225	30552578	-353	0/1
21	33009040	33011856	-2816	0/1
21	34165836	34167634	-1798	1/1
21	36072577	36073433	-856	0/1
21	37014964	37015168	-204	1/1
21	38768245	38769062	-817	1/1
21	39266366	39266808	-442	1/1
21	39321558	39321942	-384	0/1
21	41289276	41289665	-389	0/1
21	43091642	43095749	-4107	0/1
21	43166938	43167688	-750	0/1
21	43387247	43388202	-955	0/1
21	45486328	45488237	-1909	1/1
21	16234553	47309205	-31074652	0/1
21	41462561	47338134	-5875573	0/1
21	47338133	47340617	-2484	0/1
21	47388029	47389724	-1695	1/1
21	47446315	47446716	-401	0/1
21	47625856	47626584	-728	1/1
22	18003498	18004131	-633	0/1
22	18057789	18060457	-2668	1/1
22	20964862	20965394	-532	1/1
22	23230753	23230915	-162	1/1
22	24276435	24279224	-2789	1/1
22	29191722	29192034	-312	0/1
22	29198888	29199381	-493	1/1
22	29259686	29260777	-1091	0/1
22	29736846	29737488	-642	1/1
22	31045468	31046233	-765	0/1
22	42498874	42500141	-1267	0/1
22	35007808	35010844	-3036	0/1
22	36680557	36681165	-608	0/1
22	37143183	37147867	-4684	1/1
22	37707106	37707496	-390	1/1
22	39294108	39298684	-4576	1/1
22	39704748	39722635	-17887	1/1
22	39722635	39722909	-274	1/1
22	39788380	39789344	-964	1/1
22	40669578	40671720	-2142	0/1
22	40760370	40760879	-509	1/1
22	40671723	40812927	-141204	0/1
22	41533794	41536143	-2349	0/1
22	41572533	41572774	-241	0/1
22	42139816	42141766	-1950	1/1
22	32469425	42498875	-10029450	0/1
22	50654297	50655118	-821	1/1
X	1446196	1446775	-579	0/1
X	1465524	1466307	-783	0/1
X	1468159	1468437	-278	0/1
X	2189987	2191119	-1132	0/1
X	2193795	2193956	-161	0/1
X	2292571	2294770	-2199	0/1
X	2458457	2459474	-1017	0/1
X	2516977	2517445	-468	0/1
X	2607862	2609058	-1196	0/1
X	13369809	13371893	-2084	1/1
X	19178700	19180023	-1323	1/1
X	19210106	19211896	-1790	1/1
X	20705134	20705405	-271	0/1
X	20829026	20829180	-154	1/1
X	20896455	20897004	-549	1/1
X	21153786	21154114	-328	0/1
X	22790663	22790949	-286	1/1
X	30351936	30352240	-304	1/1
X	30999816	31002275	-2459	0/1
X	23949951	33545419	-9595468	0/1
X	40539387	40540006	-619	1/1
X	41200871	41201745	-874	1/1
X	43603419	43603611	-192	0/1
X	43813840	43814178	-338	1/1
X	13371896	44870836	-31498940	1/1
X	45592224	45592710	-486	0/1
X	45732358	45732956	-598	0/1
X	47440463	47440812	-349	0/1
X	24456905	50422640	-25965735	1/1
X	50422640	50423695	-1055	1/1
X	56954780	56955802	-1022	0/1
X	19180023	56987773	-37807750	1/1
X	58281991	58282189	-198	0/1
X	124107243	124109007	-1764	0/1
X	71090906	71104810	-13904	0/1
X	76841342	77078239	-236897	0/1
X	83953758	83953980	-222	1/1
X	103381750	103384073	-2323	0/1
X	111707734	111708791	-1057	0/1
X	103384075	112600852	-9216777	0/1
X	113755355	113755685	-330	0/1
X	135893388	135893990	-602	0/1
X	138941978	138942285	-307	0/1
X	144652984	144653564	-580	0/1
X	151057028	151058864	-1836	0/1
X	151439972	151440645	-673	1/1
Y	2749767	2749937	-170	1/1
Y	3001584	3002369	-785	0/1
Y	4081188	4081634	-446	1/1
Y	4181877	4183601	-1724	0/1
Y	4906188	4908174	-1986	0/1
Y	5872872	5873894	-1022	1/1
Y	8620712	8620961	-249	1/1
Y	8764645	8766908	-2263	0/1
Y	13945197	13945841	-644	1/1
Y	14016221	14016545	-324	1/1
Y	17402653	17403196	-543	0/1
Y	18619951	18620143	-192	0/1
Y	19237198	19237762	-564	0/1
Y	13945842	19350305	-5404463	1/1
Y	21070057	21070514	-457	0/1
Y	22175083	22175509	-426	1/1
Y	24429665	24429909	-244	0/1
