1	7570070	7571510	-1440	0/1
1	10482480	10483779	-1299	0/1
1	17676172	17677665	-1493	0/1
1	31648814	31650577	-1763	0/1
1	39084221	39085825	-1604	0/1
1	43694061	43695543	-1482	0/1
1	55092273	55095966	-3693	0/1
1	60048636	60049637	-1001	0/1
1	60706450	60707451	-1001	0/1
1	62113413	62119520	-6107	1/1
1	72755692	72764074	-8382	0/1
1	72766323	72811839	-45516	0/1
1	80221780	80223040	-1260	1/1
1	93824541	93825724	-1183	0/1
1	99818176	99820586	-2410	1/1
1	106164396	106215440	-51044	0/1
1	110187152	110191394	-4242	1/1
1	152555542	152587740	-32198	1/1
1	158786963	158788065	-1102	0/1
1	158867530	158869981	-2451	0/1
1	166649075	166650347	-1272	0/1
1	168572259	168574235	-1976	0/1
1	173024156	173025698	-1542	1/1
1	187716104	187722532	-6428	0/1
1	194451078	194454281	-3203	0/1
1	198773749	198775414	-1665	0/1
1	199110047	199113805	-3758	0/1
1	207542005	207545596	-3591	1/1
1	210078054	210085970	-7916	1/1
1	225133646	225248670	-115024	0/1
1	229812533	229820836	-8303	1/1
1	232458590	232460251	-1661	0/1
1	235537080	235538348	-1268	0/1
1	240392999	240394778	-1779	0/1
1	241664445	241666388	-1943	1/1
1	243094685	243095755	-1070	0/1
2	32146	34838	-2692	0/1
2	4212675	4223309	-10634	0/1
2	5736051	5737331	-1280	0/1
2	17585127	17590593	-5466	0/1
2	17943809	17945642	-1833	1/1
2	28699618	78065255	-49365637	0/1
2	32282815	32284141	-1326	0/1
2	33224462	33227292	-2830	0/1
2	34695829	34736559	-40730	0/1
2	41738706	41740961	-2255	0/1
2	42346259	42347314	-1055	0/1
2	44467107	44468831	-1724	0/1
2	52749686	52785270	-35584	0/1
2	56652302	56655880	-3578	0/1
2	66505589	66507553	-1964	0/1
2	75362162	75364223	-2061	1/1
2	78065254	78067501	-2247	0/1
2	79076570	79081206	-4636	0/1
2	86868089	86870249	-2160	1/1
2	110312519	118889784	-8577265	0/1
2	111488626	111490910	-2284	1/1
2	113414818	113416401	-1583	0/1
2	116501208	116503398	-2190	0/1
2	118889783	118891453	-1670	0/1
2	124560726	124563027	-2301	0/1
2	124563028	224198939	-99635911	0/1
2	126378587	126385342	-6755	0/1
2	130954929	130957403	-2474	0/1
2	154895771	154899174	-3403	0/1
2	166014693	166016744	-2051	0/1
2	173554470	173556235	-1765	0/1
2	189119618	189120925	-1307	0/1
2	190095850	190102917	-7067	0/1
2	202552025	202554363	-2338	0/1
2	215728761	215730831	-2070	1/1
2	217955891	217957266	-1375	0/1
2	220052321	220055986	-3665	1/1
2	223781214	223782763	-1549	0/1
2	229264344	229268336	-3992	0/1
2	231884097	231885266	-1169	0/1
2	234756429	234757775	-1346	1/1
2	239500395	239501732	-1337	0/1
3	228771	234404	-5633	0/1
3	1782292	1788503	-6211	0/1
3	8160556	8163017	-2461	1/1
3	13681182	13682272	-1090	0/1
3	20311357	20317755	-6398	0/1
3	26450969	26452298	-1329	0/1
3	32806746	32808061	-1315	1/1
3	33056584	33058446	-1862	1/1
3	33287997	33289813	-1816	0/1
3	40219415	58400580	-18181165	0/1
3	47490667	47493440	-2773	1/1
3	58400579	58401845	-1266	0/1
3	68634770	68640253	-5483	0/1
3	82216705	82217764	-1059	0/1
3	95465768	95467884	-2116	0/1
3	98410678	98414766	-4088	0/1
3	98899060	98902389	-3329	1/1
3	98943803	98949512	-5709	0/1
3	111243649	111248956	-5307	0/1
3	118347788	118349646	-1858	1/1
3	119764194	119766505	-2311	0/1
3	119766505	169012636	-49246131	0/1
3	133952454	133954185	-1731	0/1
3	136021013	136026196	-5183	1/1
3	148281434	148285419	-3985	0/1
3	162717306	162723549	-6243	0/1
3	166672292	166674374	-2082	0/1
3	177294509	177297473	-2964	0/1
3	189737344	189740524	-3180	0/1
3	190955847	190957031	-1184	1/1
3	191264246	191266187	-1941	0/1
3	192304876	192312814	-7938	0/1
3	192875329	192885405	-10076	1/1
3	196934573	196939249	-4676	0/1
3	197843926	197850166	-6240	0/1
4	6909614	6911693	-2079	1/1
4	7524947	7527049	-2102	0/1
4	7575873	17637948	-10062075	0/1
4	8976940	9000685	-23745	0/1
4	9457930	9482253	-24323	0/1
4	10119069	10119488	-419	0/1
4	10211260	10234567	-23307	0/1
4	10392429	10402168	-9739	0/1
4	14304732	14305939	-1207	1/1
4	34779980	34829038	-49058	1/1
4	35038338	35040416	-2078	0/1
4	35833953	35835867	-1914	0/1
4	46061813	46064133	-2320	0/1
4	46202795	46205026	-2231	0/1
4	61330106	61333185	-3079	1/1
4	63669426	63676126	-6700	0/1
4	64694328	64714379	-20051	0/1
4	64920392	64921790	-1398	1/1
4	86976374	86979951	-3577	0/1
4	87554030	87555331	-1301	0/1
4	91931556	91935836	-4280	0/1
4	101960153	101961187	-1034	0/1
4	107056577	107063361	-6784	0/1
4	109721052	109722215	-1163	0/1
4	119125411	119130199	-4788	0/1
4	120865522	120866596	-1074	0/1
4	122282249	122289951	-7702	0/1
4	125078260	125079715	-1455	0/1
4	127545932	127547500	-1568	0/1
4	135433002	135435696	-2694	1/1
4	141354836	141355975	-1139	0/1
4	145316445	145319905	-3460	0/1
4	146438806	146440450	-1644	0/1
4	146919578	146927740	-8162	1/1
4	152252540	152254126	-1586	0/1
4	156849579	156850692	-1113	0/1
4	157305269	157306907	-1638	0/1
4	172374411	172379425	-5014	1/1
4	172988639	172992930	-4291	1/1
4	174533059	174535911	-2852	0/1
4	175185506	175186623	-1117	0/1
4	186441635	186444073	-2438	1/1
5	1178293	1180732	-2439	1/1
5	10273417	10275251	-1834	0/1
5	12811017	12820523	-9506	1/1
5	17065487	17067841	-2354	0/1
5	19375269	19376393	-1124	0/1
5	26720853	26722820	-1967	1/1
5	26796698	26801896	-5198	1/1
5	33157714	33158902	-1188	0/1
5	38986990	38988825	-1835	1/1
5	39211294	39213530	-2236	1/1
5	45274022	45276005	-1983	0/1
5	53144381	53146071	-1690	1/1
5	65028083	65030380	-2297	0/1
5	82063426	82066153	-2727	0/1
5	86815150	86816049	-899	0/1
5	92250602	92251622	-1020	1/1
5	106324751	106326430	-1679	0/1
5	113156560	113172796	-16236	0/1
5	119380145	119382676	-2531	0/1
5	120817325	120819631	-2306	0/1
5	127407439	127410916	-3477	0/1
5	136854675	136856391	-1716	1/1
5	153805397	153807227	-1830	0/1
5	163665008	163666447	-1439	0/1
5	168540800	175415823	-6875023	1/1
5	178106861	178111873	-5012	0/1
5	178109061	178113411	-4350	0/1
5	178348362	178353195	-4833	0/1
6	12551964	12552994	-1030	0/1
6	16884966	16886066	-1100	0/1
6	19041186	19049398	-8212	0/1
6	20798868	20799998	-1130	1/1
6	28099763	28101473	-1710	0/1
6	29843104	29849122	-6018	1/1
6	31278970	31288619	-9649	0/1
6	32461276	32468767	-7491	1/1
6	32514888	32516240	-1352	1/1
6	33583197	33585844	-2647	0/1
6	33937829	33942689	-4860	0/1
6	35626432	35629744	-3312	1/1
6	41920839	41922117	-1278	0/1
6	42837559	42839303	-1744	0/1
6	50200527	50201863	-1336	1/1
6	53928709	53934680	-5971	0/1
6	62199727	62206526	-6799	1/1
6	71891033	71892394	-1361	0/1
6	72863851	72873534	-9683	0/1
6	73080478	73082434	-1956	0/1
6	74592060	74602439	-10379	0/1
6	77097492	77102641	-5149	1/1
6	78967194	79036453	-69259	0/1
6	79521083	79530685	-9602	0/1
6	86623833	86625825	-1992	1/1
6	95193322	95194336	-1014	1/1
6	101934558	101939023	-4465	0/1
6	103737464	103762885	-25421	0/1
6	110512000	110513765	-1765	0/1
6	124546663	131321516	-6774853	0/1
6	131321516	131323260	-1744	0/1
6	141548624	141550028	-1404	0/1
6	151485951	151487017	-1066	0/1
6	165724666	165732132	-7466	0/1
7	9676126	9679552	-3426	0/1
7	13136358	43273831	-30137473	0/1
7	24038161	24040070	-1909	0/1
7	26137001	26145495	-8494	0/1
7	41514655	41515940	-1285	0/1
7	42405102	46657291	-4252189	0/1
7	43273829	43275351	-1522	0/1
7	44737621	44739848	-2227	0/1
7	44739851	45924030	-1184179	0/1
7	46657288	46658622	-1334	0/1
7	56761980	56769947	-7967	0/1
7	63482780	63739322	-256542	0/1
7	65589703	65591965	-2262	0/1
7	73267124	73268204	-1080	0/1
7	73549758	73550966	-1208	1/1
7	73828502	73831323	-2821	0/1
7	79960957	79966315	-5358	0/1
7	81441569	81442480	-911	0/1
7	96543280	96546513	-3233	0/1
7	101059157	101060266	-1109	0/1
7	101382512	101384035	-1523	0/1
7	109436689	109453899	-17210	1/1
7	110181965	110188432	-6467	1/1
7	126045886	126051447	-5561	1/1
7	133785000	133798329	-13329	0/1
7	142475713	142486266	-10553	0/1
7	144877558	144879774	-2216	0/1
7	151230197	151231843	-1646	1/1
7	152574764	152580312	-5548	0/1
8	594397	599411	-5014	0/1
8	3509663	3511418	-1755	1/1
8	4122881	4124956	-2075	0/1
8	11096179	11098312	-2133	1/1
8	11787943	11892956	-105013	0/1
8	13580539	13581678	-1139	0/1
8	15115634	15116814	-1180	0/1
8	17065597	17067436	-1839	0/1
8	24972432	24990943	-18511	1/1
8	26699928	26701209	-1281	0/1
8	27277873	38661541	-11383668	0/1
8	37036650	37038105	-1455	1/1
8	39018272	39019643	-1371	1/1
8	40774602	40779739	-5137	0/1
8	42190431	42194394	-3963	1/1
8	47405882	47407890	-2008	0/1
8	53978164	53980268	-2104	0/1
8	64097930	65201837	-1103907	0/1
8	82045018	82046618	-1600	0/1
8	82460156	82461192	-1036	0/1
8	82461193	95548408	-13087215	0/1
8	85742852	85743986	-1134	1/1
8	99717934	99720302	-2368	0/1
8	110236306	110238584	-2278	0/1
8	112294051	112297139	-3088	1/1
8	114056492	114058772	-2280	0/1
8	117651114	117652769	-1655	1/1
8	118873738	118875467	-1729	0/1
8	119519216	124176624	-4657408	0/1
8	146057052	146057862	-810	0/1
9	4376417	4377644	-1227	0/1
9	15815306	15821940	-6634	0/1
9	22496527	22504343	-7816	1/1
9	23362801	23377683	-14882	0/1
9	27320485	27322307	-1822	0/1
9	28846386	28847643	-1257	0/1
9	33774137	33775728	-1591	1/1
9	36378160	36380498	-2338	0/1
9	71895405	71896563	-1158	0/1
9	79687910	79689473	-1563	0/1
9	88334383	88335625	-1242	0/1
9	88335626	138762621	-50426995	0/1
9	91708842	91785101	-76259	0/1
9	93827622	93829310	-1688	1/1
9	96188841	100505074	-4316233	0/1
9	96500160	96503042	-2882	0/1
9	100505073	100506287	-1214	0/1
9	113234868	113236936	-2068	1/1
9	121420866	121423636	-2770	0/1
9	124019575	124021867	-2292	1/1
9	125294594	125296872	-2278	0/1
9	129520388	129523218	-2830	0/1
9	136625193	136626262	-1069	0/1
9	137432364	137434011	-1647	0/1
9	138214063	138217603	-3540	0/1
9	139456207	139457907	-1700	0/1
10	1662212	1663686	-1474	0/1
10	5411804	5414169	-2365	1/1
10	7077040	7078300	-1260	1/1
10	9684479	9686965	-2486	0/1
10	11323865	11325088	-1223	1/1
10	14241570	14242483	-913	0/1
10	17310709	17315493	-4784	0/1
10	18691968	18692998	-1030	0/1
10	23758497	23760697	-2200	0/1
10	24401785	24403171	-1386	1/1
10	26999015	27002153	-3138	0/1
10	27676744	27677938	-1194	1/1
10	30186633	30188518	-1885	1/1
10	49600904	49602740	-1836	0/1
10	52862870	52864558	-1688	0/1
10	56682778	56684358	-1580	0/1
10	59209787	59211853	-2066	0/1
10	59875361	60653167	-777806	0/1
10	61332297	61334668	-2371	0/1
10	66398770	66400744	-1974	0/1
10	69422162	69424653	-2491	0/1
10	70068225	70070644	-2419	0/1
10	74681357	74683639	-2282	1/1
10	85522715	85523905	-1190	0/1
10	89298791	89300142	-1351	1/1
10	108030317	108032541	-2224	0/1
10	122226654	122228803	-2149	1/1
10	132988684	132991171	-2487	0/1
11	2372984	2374084	-1100	0/1
11	5521630	5523171	-1541	0/1
11	5563816	5565718	-1902	1/1
11	20112648	20113974	-1326	0/1
11	29007202	29012796	-5594	0/1
11	31393773	31397646	-3873	0/1
11	34186903	34188805	-1902	0/1
11	34186958	34189391	-2433	0/1
11	45429846	45431613	-1767	0/1
11	46161017	46162398	-1381	0/1
11	54885415	54892294	-6879	0/1
11	62085885	62088057	-2172	1/1
11	74024905	74027387	-2482	0/1
11	74873828	74875005	-1177	0/1
11	74880807	74883421	-2614	0/1
11	76224446	76226445	-1999	0/1
11	76226446	91592981	-15366535	0/1
11	87408598	87410838	-2240	0/1
11	88964482	88967930	-3448	1/1
11	90193706	90195997	-2291	0/1
11	92771871	92773329	-1458	0/1
11	93021137	93022157	-1020	0/1
11	93661848	93664255	-2407	0/1
11	96001924	96003394	-1470	0/1
11	123144903	123150435	-5532	0/1
12	5256642	5258661	-2019	0/1
12	6241436	6248077	-6641	0/1
12	9016840	9017867	-1027	1/1
12	11134899	11136169	-1270	0/1
12	16420123	16421282	-1159	0/1
12	17039946	22159005	-5119059	0/1
12	25289384	25290657	-1273	1/1
12	29844381	29846435	-2054	0/1
12	30478283	30480989	-2706	0/1
12	34244830	34247365	-2535	0/1
12	41148390	41151158	-2768	0/1
12	41473638	41477082	-3444	0/1
12	43752408	43753979	-1571	0/1
12	45903153	45909939	-6786	0/1
12	70872265	70878216	-5951	0/1
12	71602357	71604473	-2116	0/1
12	84593108	84596011	-2903	1/1
12	86426103	86432915	-6812	0/1
12	86695084	86697257	-2173	0/1
12	87697005	87698755	-1750	1/1
12	92891134	92892950	-1816	1/1
12	112304033	112305373	-1340	0/1
12	117376444	117377731	-1287	0/1
12	131360916	131362777	-1861	0/1
13	20825481	20828792	-3311	0/1
13	23632495	23637295	-4800	0/1
13	27050041	27052186	-2145	1/1
13	38071940	38085577	-13637	0/1
13	39057315	39060201	-2886	1/1
13	41245095	50502855	-9257760	0/1
13	48064207	48066229	-2022	1/1
13	65137261	65139561	-2300	1/1
13	69244702	69268749	-24047	0/1
13	72477264	72480576	-3312	0/1
13	72843037	72846915	-3878	0/1
13	81856989	81859246	-2257	0/1
13	99254189	99258204	-4015	0/1
13	108947016	108951793	-4777	0/1
14	35428810	35432453	-3643	0/1
14	42987526	42992932	-5406	0/1
14	54710346	54713685	-3339	0/1
14	60341397	60343241	-1844	0/1
14	61058055	61059479	-1424	0/1
14	72658320	72660784	-2464	0/1
14	78295158	78297065	-1907	0/1
14	80106288	80115049	-8761	0/1
14	83337525	83339188	-1663	0/1
14	85297108	85302155	-5047	1/1
14	87052895	87054462	-1567	0/1
14	91581487	91583320	-1833	0/1
14	105415223	105418194	-2971	0/1
15	24672128	24722660	-50532	0/1
15	27303233	27304763	-1530	0/1
15	39372527	39373635	-1108	0/1
15	41730627	41745096	-14469	0/1
15	41745244	41749867	-4623	0/1
15	41750072	41756966	-6894	0/1
15	41771394	41772409	-1015	0/1
15	41981927	41992525	-10598	0/1
15	42146326	42147487	-1161	0/1
15	44137057	44138852	-1795	0/1
15	49421756	49422915	-1159	0/1
15	50902156	50903287	-1131	0/1
15	51216199	51217292	-1093	0/1
15	62706092	62707792	-1700	0/1
15	64196439	64197540	-1101	0/1
15	65816044	65819275	-3231	0/1
15	66877652	66878424	-772	0/1
15	71881569	71882965	-1396	0/1
15	77330746	77332721	-1975	1/1
15	78008485	78012583	-4098	0/1
15	91981577	91989265	-7688	0/1
15	99574511	99575638	-1127	1/1
15	100045872	100046957	-1085	0/1
15	100416661	100423235	-6574	0/1
16	6170298	6171304	-1006	0/1
16	7709381	26083526	-18374145	0/1
16	8755307	8756881	-1574	0/1
16	9972826	9975265	-2439	0/1
16	11683733	11685294	-1561	0/1
16	13294465	13296494	-2029	0/1
16	19945550	19967579	-22029	1/1
16	21106700	21107764	-1064	1/1
16	23760346	23762263	-1917	0/1
16	25204945	25207825	-2880	0/1
16	25340109	25343127	-3018	0/1
16	26083526	26085304	-1778	0/1
16	48508916	48511376	-2460	1/1
16	57725395	57727846	-2451	0/1
16	58647190	58650264	-3074	0/1
16	67982023	67984375	-2352	0/1
16	74094556	74106935	-12379	0/1
16	76539133	76544024	-4891	1/1
16	78371638	78384898	-13260	0/1
16	80976502	80983282	-6780	0/1
16	85149501	85150073	-572	1/1
16	85302491	85304390	-1899	0/1
16	87902230	87903263	-1033	1/1
16	89817763	89819987	-2224	1/1
17	3583697	3584227	-530	0/1
17	3734784	3735842	-1058	1/1
17	5013236	5015078	-1842	1/1
17	6186549	6188987	-2438	1/1
17	6401244	6402394	-1150	1/1
17	14189910	14191555	-1645	0/1
17	20611037	20614565	-3528	0/1
17	28007515	28009460	-1945	1/1
17	33953881	33954419	-538	0/1
17	36963469	36965092	-1623	1/1
17	39421829	39432413	-10584	0/1
17	47351789	47353092	-1303	0/1
17	49623996	49627052	-3056	0/1
17	52048409	52935324	-886915	0/1
17	55089760	55092847	-3087	0/1
17	58340997	58343387	-2390	0/1
17	61334333	61336415	-2082	1/1
17	67025842	67027597	-1755	1/1
17	72338120	72339140	-1020	0/1
17	74783325	74788308	-4983	0/1
18	4490348	4492501	-2153	0/1
18	5270458	5272664	-2206	0/1
18	8469740	8471991	-2251	1/1
18	9552018	9553558	-1540	1/1
18	9960381	9962003	-1622	1/1
18	10274884	10276182	-1298	0/1
18	11255383	11256413	-1030	0/1
18	11509695	11511464	-1769	0/1
18	12493864	12495454	-1590	1/1
18	14433690	14435657	-1967	0/1
18	21990742	21992047	-1305	0/1
18	23747805	23751322	-3517	0/1
18	23762972	23766122	-3150	0/1
18	43775446	43777034	-1588	0/1
18	51161098	51163061	-1963	0/1
18	51205969	51210539	-4570	0/1
18	53081280	53083760	-2480	1/1
18	64913565	64914995	-1430	0/1
18	64959013	64967261	-8248	0/1
19	566149	569357	-3208	0/1
19	3369257	3370515	-1258	0/1
19	3716043	3717364	-1321	0/1
19	4560609	4562843	-2234	0/1
19	4860036	4861340	-1304	0/1
19	5509839	5510796	-957	0/1
19	5556705	5559024	-2319	1/1
19	12556702	12558290	-1588	0/1
19	12694876	12698930	-4054	0/1
19	12944680	12946553	-1873	1/1
19	13775656	13776819	-1163	0/1
19	15046391	15049477	-3086	0/1
19	18286507	18287949	-1442	0/1
19	18507058	18509587	-2529	0/1
19	19834443	19839662	-5219	1/1
19	21272606	21334635	-62029	0/1
19	23805745	23808316	-2571	0/1
19	23893439	23895550	-2111	0/1
19	24314147	24315992	-1845	0/1
19	27831197	27836601	-5404	0/1
19	31287491	31289774	-2283	0/1
19	35832504	35833522	-1018	0/1
19	50075122	50120305	-45183	0/1
19	52888816	52891386	-2570	0/1
19	54288323	54290430	-2107	1/1
19	54555086	54562386	-7300	0/1
19	55704357	57474872	-1770515	0/1
20	2979923	2980979	-1056	0/1
20	3671917	3673856	-1939	0/1
20	3784184	3785215	-1031	0/1
20	4840029	4842592	-2563	0/1
20	7398707	7403591	-4884	0/1
20	15301731	15303768	-2037	1/1
20	15640610	16239479	-598869	0/1
20	20928862	20931333	-2471	1/1
20	21518464	21520424	-1960	1/1
20	23232034	23234224	-2190	1/1
20	33241835	33244269	-2434	0/1
20	33915945	33917036	-1091	0/1
20	34634359	34636354	-1995	0/1
20	42271864	42274588	-2724	0/1
20	43140007	43141439	-1432	0/1
20	50759190	50760928	-1738	0/1
20	52634228	52635879	-1651	0/1
20	53454782	53456677	-1895	0/1
20	55690752	55693020	-2268	0/1
20	62825812	62829207	-3395	0/1
20	62949733	62959182	-9449	0/1
21	10886758	10888458	-1700	1/1
21	16232855	16234552	-1697	0/1
21	16234553	47309205	-31074652	0/1
21	19326760	19329268	-2508	0/1
21	20104714	20107189	-2475	0/1
21	22861753	22863023	-1270	0/1
21	33009040	33011856	-2816	0/1
21	34165836	34167634	-1798	1/1
21	36072629	36073484	-855	0/1
21	41462560	47338134	-5875574	0/1
21	43091643	43095749	-4106	0/1
21	45486326	45488237	-1911	1/1
21	47338132	47340617	-2485	0/1
21	47388021	47389724	-1703	1/1
22	18003477	18004128	-651	0/1
22	18057750	18060457	-2707	1/1
22	24276434	24279225	-2791	1/1
22	29259686	29260777	-1091	0/1
22	31045470	31046228	-758	0/1
22	32469425	42498875	-10029450	0/1
22	35007829	35010848	-3019	0/1
22	37143169	37147895	-4726	1/1
22	39294104	39298684	-4580	1/1
22	40669577	40671720	-2143	0/1
22	40671722	40812927	-141205	0/1
22	41533794	41536143	-2349	0/1
22	42139816	42141766	-1950	1/1
22	42498874	42500132	-1258	0/1
X	2292512	2294769	-2257	0/1
X	2607860	2609058	-1198	0/1
X	13369807	13371893	-2086	1/1
X	19178700	19180023	-1323	1/1
X	19210106	19211896	-1790	1/1
X	30999816	31002275	-2459	0/1
X	50422638	50423695	-1057	1/1
X	56954778	56955802	-1024	0/1
X	71090906	71104810	-13904	0/1
X	76841341	77078239	-236898	0/1
X	103381749	103384073	-2324	0/1
X	103384075	112600852	-9216777	0/1
X	111707730	111708791	-1061	0/1
X	124107243	124109007	-1764	0/1
X	151057026	151058864	-1838	0/1
Y	4182074	4183820	-1746	0/1
Y	4906290	4908271	-1981	0/1
Y	5872872	5873893	-1021	1/1
Y	8764645	8766908	-2263	0/1
