1	844298	844479	181	0/1
1	7412663	7412995	332	1/1
1	7570070	7571510	1440	0/1
1	7714663	7714966	303	0/1
1	10482480	10483779	1299	0/1
1	10705147	10705377	230	0/1
1	11682892	11683185	293	1/1
1	14436350	14436655	305	0/1
1	17676172	17677665	1493	0/1
1	18222432	18222750	318	1/1
1	19427066	19428012	946	0/1
1	20497189	20497737	548	0/1
1	20961762	20962108	346	0/1
1	30521099	30521679	580	0/1
1	31648814	31650577	1763	0/1
1	37816471	37816710	239	0/1
1	39084221	39085825	1604	0/1
1	39906995	39907621	626	1/1
1	39908581	39909115	534	0/1
1	40012570	40013159	589	0/1
1	41370313	41370657	344	0/1
1	43694061	43695543	1482	0/1
1	55092273	55095966	3693	0/1
1	60048636	60049637	1001	0/1
1	60706450	60707451	1001	0/1
1	62082857	62083701	844	1/1
1	62113413	62119520	6107	1/1
1	68007964	68008816	852	1/1
1	72755692	72764074	8382	0/1
1	72766323	72811839	45516	0/1
1	92911096	92911291	195	0/1
1	93824541	93825724	1183	0/1
1	99818176	99820586	2410	1/1
1	104443199	104443725	526	0/1
1	105218644	105219444	800	0/1
1	106164396	106215440	51044	0/1
1	110187163	110191395	4232	0/1
1	112355871	112356523	652	0/1
1	113231757	113232033	276	0/1
1	113799628	113800090	462	0/1
1	145506078	145506577	499	0/1
1	146051434	147593483	1542049	0/1
1	150239056	150239474	418	1/1
1	150240188	150240355	167	1/1
1	152555542	152587740	32198	1/1
1	157105499	157106097	598	1/1
1	158488408	158488675	267	0/1
1	158786963	158788065	1102	0/1
1	158867533	158870026	2493	0/1
1	159648707	159649657	950	1/1
1	160101180	160102170	990	1/1
1	161011199	161011438	239	1/1
1	162094738	162095251	513	1/1
1	166649075	166650347	1272	0/1
1	168572259	168574235	1976	0/1
1	173024156	173025698	1542	1/1
1	174711579	174712203	624	1/1
1	179607281	179608048	767	1/1
1	183060807	183061525	718	1/1
1	183119628	183119908	280	1/1
1	187176114	187176394	280	0/1
1	187716104	187722532	6428	0/1
1	188539454	188540229	775	1/1
1	194060079	194060242	163	1/1
1	194451078	194454281	3203	0/1
1	197894018	197894302	284	0/1
1	198773749	198775414	1665	0/1
1	199110047	199113805	3758	0/1
1	202173891	202174253	362	0/1
1	207541963	207545564	3601	0/1
1	210078054	210085970	7916	1/1
1	211239578	211240034	456	0/1
1	221724856	221725076	220	1/1
1	225133646	225248670	115024	0/1
1	229373388	229373762	374	0/1
1	229812533	229820836	8303	1/1
1	232458590	232460251	1661	0/1
1	236486320	236486969	649	1/1
1	240392999	240394778	1779	0/1
1	241664445	241666388	1943	1/1
1	243094685	243095755	1070	0/1
1	243127771	243129215	1444	0/1
1	243782745	243783741	996	1/1
1	244486471	244486627	156	0/1
2	32146	34838	2692	0/1
2	816356	816586	230	0/1
2	2798772	2799242	470	1/1
2	4212675	4223309	10634	0/1
2	5736051	5737331	1280	0/1
2	6766076	6766477	401	0/1
2	12024550	12024863	313	1/1
2	17216536	17216692	156	0/1
2	17585127	17590593	5466	0/1
2	17943809	17945642	1833	1/1
2	32282815	32284141	1326	0/1
2	32750085	32750529	444	1/1
2	33224462	33227292	2830	0/1
2	34695829	34736559	40730	0/1
2	41110159	41110687	528	1/1
2	41738706	41740961	2255	0/1
2	42346259	42347314	1055	0/1
2	43129248	43129579	331	0/1
2	44294185	44294462	277	0/1
2	44467107	44468831	1724	0/1
2	51224547	51225542	995	0/1
2	52749686	52785270	35584	0/1
2	56652302	56655880	3578	0/1
2	65945824	65946411	587	1/1
2	66505589	66507553	1964	0/1
2	69376107	69376519	412	1/1
2	75362162	75364223	2061	1/1
2	76557056	76557290	234	0/1
2	78065254	78067501	2247	0/1
2	79076570	79081206	4636	0/1
2	86868089	86870249	2160	1/1
2	91699216	91699474	258	0/1
2	96858206	96858815	609	1/1
2	96860745	96861078	333	1/1
2	98412865	98413304	439	0/1
2	98430851	98431661	810	0/1
2	101693531	101693755	224	0/1
2	106695077	106695894	817	1/1
2	111488626	111490910	2284	1/1
2	113405040	113405228	188	1/1
2	113414818	113416401	1583	0/1
2	113417337	113417961	624	0/1
2	116501208	116503398	2190	0/1
2	118889783	118891453	1670	0/1
2	121391980	121392416	436	1/1
2	123364878	123365346	468	1/1
2	124170255	124170584	329	1/1
2	124560726	124563027	2301	0/1
2	126378587	126385342	6755	0/1
2	130954929	130957403	2474	0/1
2	138490115	138490487	372	0/1
2	154494934	154495147	213	0/1
2	154895771	154899174	3403	0/1
2	159298586	159299173	587	1/1
2	159661994	159662872	878	0/1
2	166014693	166016744	2051	0/1
2	173554470	173556235	1765	0/1
2	178287637	178288061	424	1/1
2	180065450	180081661	16211	0/1
2	186852346	186852738	392	0/1
2	189119618	189120925	1307	0/1
2	190095850	190102917	7067	0/1
2	196214814	196215226	412	1/1
2	198266247	198266463	216	1/1
2	199470767	199471143	376	0/1
2	200312455	200312679	224	1/1
2	202552025	202554363	2338	0/1
2	208959088	208959433	345	0/1
2	209103957	209104586	629	1/1
2	215728761	215730831	2070	1/1
2	216208764	216209021	257	0/1
2	216242983	216243850	867	1/1
2	217955891	217957266	1375	0/1
2	220052292	220055965	3673	0/1
2	223781214	223782763	1549	0/1
2	223787547	223787793	246	0/1
2	229264344	229268336	3992	0/1
2	231884072	231885252	1180	0/1
2	233214177	233224382	10205	0/1
2	233332718	233333462	744	0/1
2	234756429	234757775	1346	1/1
2	238746300	238746663	363	0/1
3	6700870	6701253	383	0/1
3	8160556	8163017	2461	1/1
3	9134822	9135244	422	1/1
3	16305735	16306274	539	1/1
3	18729953	18730778	825	0/1
3	26450969	26452298	1329	0/1
3	30245938	30246287	349	0/1
3	31666576	31667444	868	1/1
3	32806746	32808061	1315	0/1
3	33056584	33058446	1862	1/1
3	41280843	41281148	305	1/1
3	41336680	41337229	549	1/1
3	47490667	47493440	2773	1/1
3	50098654	50098894	240	1/1
3	55238651	55239378	727	1/1
3	56604699	56604955	256	0/1
3	57109771	57110551	780	1/1
3	68464391	68464828	437	1/1
3	68634770	68640253	5483	0/1
3	69065662	69066254	592	1/1
3	70013474	70013887	413	0/1
3	78779418	78779718	300	1/1
3	80971287	80971499	212	1/1
3	82216705	82217764	1059	0/1
3	97631495	97632299	804	1/1
3	98899060	98902389	3329	1/1
3	111243620	111248925	5305	0/1
3	118281604	118281823	219	1/1
3	118347788	118349646	1858	1/1
3	119764194	119766505	2311	0/1
3	124936295	124937163	868	0/1
3	129302512	129302967	455	0/1
3	131965274	131965600	326	1/1
3	132221309	132222054	745	1/1
3	133952454	133954185	1731	0/1
3	136021013	136026196	5183	1/1
3	136064149	136064414	265	0/1
3	148281434	148285419	3985	0/1
3	155234986	155235979	993	0/1
3	158287519	158288326	807	0/1
3	158539439	158539769	330	0/1
3	162816799	162817192	393	1/1
3	166672292	166674374	2082	0/1
3	168738454	168738835	381	0/1
3	170163575	170164000	425	1/1
3	172060905	172061874	969	1/1
3	174245531	174245879	348	0/1
3	177294509	177297473	2964	0/1
3	178567652	178568343	691	0/1
3	183876815	183877403	588	0/1
3	189737344	189740524	3180	0/1
3	190478458	190478634	176	0/1
3	190955847	190957031	1184	1/1
3	192304876	192312814	7938	0/1
3	192875329	192885405	10076	1/1
3	196934573	196939249	4676	0/1
3	197843926	197850166	6240	0/1
4	1602956	1603669	713	0/1
4	6909614	6911693	2079	1/1
4	7524947	7527049	2102	0/1
4	7575037	7575871	834	0/1
4	8976940	9000685	23745	0/1
4	9151202	9690259	539057	0/1
4	9158154	9232031	73877	0/1
4	9457929	9482257	24328	0/1
4	9457979	9482307	24328	0/1
4	10119045	10119462	417	0/1
4	10211260	10234567	23307	0/1
4	10392429	10402168	9739	0/1
4	11525604	11525879	275	1/1
4	12441592	12441898	306	0/1
4	14304732	14305939	1207	1/1
4	21614176	21614634	458	0/1
4	24443633	24444506	873	0/1
4	28076087	28076972	885	1/1
4	28421590	28421940	350	0/1
4	32781355	32781597	242	0/1
4	34779980	34829038	49058	0/1
4	35038338	35040416	2078	0/1
4	35833953	35835867	1914	0/1
4	46061813	46064133	2320	0/1
4	46202795	46205026	2231	0/1
4	48484861	48485171	310	1/1
4	53980088	53981038	950	1/1
4	57761051	57761472	421	1/1
4	61330106	61333185	3079	1/1
4	63669426	63676126	6700	0/1
4	64920392	64921790	1398	1/1
4	73831248	73831820	572	0/1
4	85247946	85248357	411	0/1
4	90530281	90530861	580	0/1
4	91931556	91935836	4280	0/1
4	101960153	101961187	1034	0/1
4	107056577	107063361	6784	0/1
4	107974329	107974486	157	0/1
4	113646375	113646568	193	1/1
4	115525491	115525916	425	0/1
4	119125411	119130199	4788	0/1
4	120865497	120866596	1099	0/1
4	122282249	122289951	7702	0/1
4	125078260	125079715	1455	0/1
4	127545932	127547500	1568	0/1
4	130626374	130626642	268	0/1
4	133180732	133182976	2244	0/1
4	133445431	133445701	270	1/1
4	135433002	135435696	2694	1/1
4	141354836	141355975	1139	0/1
4	146438806	146440450	1644	0/1
4	146919578	146927740	8162	1/1
4	152252540	152254126	1586	0/1
4	156849579	156850692	1113	0/1
4	157305269	157306907	1638	0/1
4	161485963	161486359	396	1/1
4	162053250	162053523	273	0/1
4	170278460	170278881	421	0/1
4	172153044	172153201	157	0/1
4	172374411	172379425	5014	1/1
4	172988639	172992930	4291	1/1
4	175185506	175186623	1117	0/1
4	180574166	180574810	644	0/1
4	186441635	186444073	2438	1/1
4	187614516	187614844	328	1/1
4	187971257	187972689	1432	0/1
5	1178293	1180732	2439	1/1
5	2769423	2769640	217	1/1
5	9389991	9390487	496	0/1
5	12811017	12820523	9506	1/1
5	16124808	16125484	676	0/1
5	17065487	17067841	2354	0/1
5	19375269	19376393	1124	0/1
5	26720853	26722820	1967	1/1
5	26796698	26801896	5198	1/1
5	30915519	30916055	536	0/1
5	38986990	38988825	1835	1/1
5	39211294	39213530	2236	1/1
5	45274022	45276005	1983	0/1
5	53144381	53146071	1690	1/1
5	57434256	57435135	879	1/1
5	62687436	62687706	270	1/1
5	65712697	65712988	291	0/1
5	74654652	74654994	342	0/1
5	76855207	76855640	433	0/1
5	82063426	82066153	2727	0/1
5	87186506	87187436	930	0/1
5	92250602	92251622	1020	1/1
5	98839887	98842904	3017	0/1
5	106324751	106326430	1679	0/1
5	113434065	113434732	667	1/1
5	117868222	117868532	310	0/1
5	119380145	119382676	2531	0/1
5	121296445	121296896	451	1/1
5	121355034	121355780	746	1/1
5	122152723	122152974	251	0/1
5	123069968	123070342	374	1/1
5	127259237	128081027	821790	0/1
5	135733907	135734062	155	1/1
5	136854675	136856391	1716	0/1
5	140957909	140958080	171	1/1
5	141459200	141459505	305	0/1
5	144871904	144872805	901	0/1
5	146622651	146623084	433	1/1
5	147819355	147819986	631	1/1
5	150646474	150646856	382	1/1
5	163665008	163666447	1439	0/1
5	170276427	170276592	165	1/1
5	171151849	171152294	445	1/1
5	177644776	177645135	359	0/1
5	178106861	178111873	5012	0/1
5	178348362	178353195	4833	0/1
5	180569233	180569978	745	1/1
6	684063	684652	589	1/1
6	10830894	10831679	785	1/1
6	10831681	14367703	3536022	1/1
6	12551964	12552994	1030	0/1
6	19041186	19049398	8212	0/1
6	20798868	20799998	1130	1/1
6	28099763	28101473	1710	0/1
6	29843104	29849122	6018	1/1
6	29884502	29970025	85523	0/1
6	29910179	29974224	64045	0/1
6	29910391	29974434	64043	0/1
6	29910601	29974644	64043	0/1
6	30783488	30783648	160	0/1
6	31296483	31305000	8517	0/1
6	31296757	31305284	8527	0/1
6	32461276	32468767	7491	1/1
6	32478724	32516396	37672	0/1
6	32480356	32543016	62660	0/1
6	32484429	32519743	35314	0/1
6	32486111	32521431	35320	0/1
6	32514888	32516240	1352	1/1
6	32524620	32550767	26147	0/1
6	32524681	32550828	26147	0/1
6	32525615	32551808	26193	0/1
6	33583197	33585844	2647	0/1
6	33937829	33942689	4860	0/1
6	34722687	34723041	354	1/1
6	35626432	35629744	3312	1/1
6	38537920	38538496	576	1/1
6	38577851	38578631	780	0/1
6	50200527	50201863	1336	1/1
6	51199472	51200122	650	0/1
6	53928709	53934680	5971	0/1
6	57175362	57175785	423	0/1
6	66606619	66606807	188	0/1
6	69138587	69139390	803	0/1
6	69471195	69471720	525	0/1
6	72863851	72873534	9683	0/1
6	73080478	73082434	1956	0/1
6	74592060	74602439	10379	0/1
6	74764034	74764185	151	1/1
6	74932722	74933064	342	0/1
6	77054696	77054898	202	0/1
6	77097492	77102641	5149	1/1
6	78967194	79036453	69259	0/1
6	86623833	86625825	1992	1/1
6	92753728	92754080	352	1/1
6	95193322	95194336	1014	1/1
6	100034500	100035315	815	1/1
6	101934558	101939023	4465	0/1
6	102066737	102066946	209	1/1
6	131321516	131323260	1744	0/1
6	141548624	141550028	1404	0/1
6	165724666	165732132	7466	0/1
7	8698628	8698846	218	1/1
7	14451264	14451430	166	1/1
7	19646586	19646804	218	1/1
7	24038161	24040070	1909	0/1
7	26137001	26145495	8494	0/1
7	41514655	41515940	1285	0/1
7	42004592	42005133	541	1/1
7	43273829	43275351	1522	0/1
7	46366468	46366789	321	0/1
7	46657288	46658622	1334	0/1
7	52520171	52520373	202	1/1
7	56761980	56769947	7967	0/1
7	57410194	57410843	649	0/1
7	63482780	63739322	256542	0/1
7	63610625	63904773	294148	0/1
7	64413373	64414027	654	0/1
7	64425466	64425934	468	1/1
7	65589703	65591965	2262	0/1
7	73549758	73550966	1208	1/1
7	83915441	83916147	706	0/1
7	84153282	84154206	924	1/1
7	90150259	90150499	240	0/1
7	93541816	93542536	720	1/1
7	94162818	94163692	874	0/1
7	95478236	95478526	290	1/1
7	96543280	96546513	3233	0/1
7	101382512	101384035	1523	0/1
7	104898406	104898716	310	0/1
7	106583081	106584020	939	1/1
7	107464067	107464739	672	0/1
7	109436689	109453899	17210	1/1
7	110181965	110188432	6467	1/1
7	111460874	111461269	395	1/1
7	126045886	126051447	5561	1/1
7	133785000	133798329	13329	0/1
7	140662780	140662980	200	1/1
7	144877558	144879774	2216	0/1
7	145988214	145989128	914	1/1
7	148701300	148702231	931	0/1
7	151230197	151231843	1646	1/1
7	151671198	151671374	176	0/1
7	152574764	152580312	5548	0/1
7	152708468	152708845	377	0/1
7	156309874	156310033	159	0/1
8	549218	549570	352	1/1
8	594397	599411	5014	0/1
8	2122082	2122346	264	0/1
8	3509663	3511418	1755	1/1
8	3916594	4034732	118138	0/1
8	3916830	4034968	118138	0/1
8	4122881	4124956	2075	0/1
8	4507844	4508419	575	0/1
8	5588241	5589042	801	1/1
8	9129334	9129554	220	0/1
8	9756057	9756456	399	0/1
8	11096179	11098312	2133	1/1
8	11787496	11892545	105049	0/1
8	11787591	11892640	105049	0/1
8	11787707	11892756	105049	0/1
8	11787736	11892785	105049	0/1
8	11787793	11892842	105049	0/1
8	11787892	11892942	105050	0/1
8	11788662	11893613	104951	0/1
8	13580539	13581678	1139	0/1
8	15115634	15116814	1180	0/1
8	15747567	15747888	321	1/1
8	17065597	17067436	1839	0/1
8	21249739	21250169	430	1/1
8	24972432	24990943	18511	1/1
8	25614291	25614693	402	1/1
8	26699928	26701209	1281	0/1
8	29963053	29963485	432	0/1
8	35749005	35749317	312	1/1
8	37036650	37038105	1455	1/1
8	37328949	37329522	573	0/1
8	39018272	39019643	1371	1/1
8	42190431	42194394	3963	0/1
8	49093385	49093978	593	1/1
8	53978164	53980268	2104	0/1
8	59426619	59427219	600	1/1
8	67120747	67121715	968	0/1
8	72184325	72184912	587	1/1
8	72524498	72524708	210	0/1
8	77112578	77113093	515	0/1
8	82460156	82461192	1036	0/1
8	85742852	85743986	1134	1/1
8	94866155	94866405	250	0/1
8	99717934	99720302	2368	0/1
8	112294051	112297139	3088	1/1
8	114056492	114058772	2280	0/1
8	114934392	114934682	290	0/1
8	118873738	118875467	1729	0/1
8	119518705	119519215	510	0/1
8	120398849	120399225	376	1/1
8	120645678	120646195	517	0/1
8	124186002	124186369	367	1/1
8	138742965	138743861	896	1/1
8	145649651	145650100	449	1/1
9	4376417	4377644	1227	0/1
9	7176261	7176671	410	1/1
9	10404561	10405091	530	1/1
9	11846227	11846713	486	1/1
9	15815306	15821940	6634	0/1
9	22496527	22504343	7816	1/1
9	23362801	23377683	14882	0/1
9	27320485	27322307	1822	0/1
9	28846386	28847643	1257	0/1
9	33774137	33775728	1591	1/1
9	35706896	35707067	171	1/1
9	37435661	37436035	374	0/1
9	80095079	80095548	469	1/1
9	83378732	83379323	591	1/1
9	88334383	88335625	1242	0/1
9	93827622	93829310	1688	1/1
9	95656912	95657253	341	1/1
9	96323531	96324488	957	1/1
9	99868797	99869057	260	0/1
9	104219695	104220378	683	1/1
9	108029756	108030582	826	1/1
9	109473241	109473777	536	1/1
9	113234868	113236936	2068	1/1
9	118310396	118311023	627	0/1
9	121420866	121423636	2770	0/1
9	124012672	124013005	333	0/1
9	124019575	124021867	2292	1/1
9	125294594	125296872	2278	0/1
9	130233800	130234527	727	1/1
9	130868797	130869305	508	1/1
9	131867060	131867361	301	0/1
9	133947951	133948490	539	0/1
9	135144546	135144735	189	1/1
9	136625193	136626262	1069	0/1
9	137432364	137434011	1647	0/1
9	138968886	138969037	151	0/1
9	139456207	139457907	1700	0/1
9	140886950	140887540	590	1/1
10	369120	369416	296	0/1
10	1662212	1663686	1474	0/1
10	5411804	5414169	2365	1/1
10	5414170	9233533	3819363	1/1
10	7077040	7078300	1260	1/1
10	9684479	9686965	2486	0/1
10	11323865	11325088	1223	1/1
10	12411204	12412021	817	0/1
10	17310709	17315493	4784	0/1
10	18503075	18503589	514	1/1
10	18691968	18692998	1030	0/1
10	21432215	21432460	245	0/1
10	21794304	21794569	265	0/1
10	24401785	24403171	1386	1/1
10	25732571	25733060	489	0/1
10	26999015	27002153	3138	0/1
10	27676744	27677938	1194	1/1
10	30186633	30188518	1885	1/1
10	37716170	37716572	402	1/1
10	49600904	49602740	1836	0/1
10	53386490	53387130	640	1/1
10	56682778	56684358	1580	0/1
10	59209787	59211853	2066	0/1
10	61202685	61203527	842	0/1
10	61332297	61334668	2371	0/1
10	62305238	62305644	406	1/1
10	63080280	63080986	706	1/1
10	63658652	63659326	674	0/1
10	70068225	70070644	2419	0/1
10	74681357	74683639	2282	1/1
10	74833583	74834563	980	1/1
10	75577950	75578374	424	0/1
10	82904657	82904910	253	1/1
10	83939376	83940130	754	1/1
10	88213092	88213412	320	0/1
10	88232101	88232368	267	0/1
10	89298791	89300142	1351	1/1
10	92172709	92173218	509	0/1
10	102911582	102912256	674	1/1
10	107252998	107253351	353	1/1
10	107950682	107951595	913	1/1
10	108030317	108032541	2224	0/1
10	122226654	122228803	2149	0/1
10	127345117	127345659	542	0/1
10	130836871	130837274	403	0/1
10	131571817	131572210	393	1/1
10	132988684	132991171	2487	0/1
11	775142	776000	858	1/1
11	5563816	5565718	1902	1/1
11	11537966	11538470	504	1/1
11	12244288	12244955	667	0/1
11	16302578	16302907	329	0/1
11	22707108	22707579	471	0/1
11	28028802	28029373	571	1/1
11	29007202	29012796	5594	0/1
11	31393773	31397646	3873	0/1
11	34175925	34176247	322	0/1
11	34186903	34188805	1902	0/1
11	34188905	34189447	542	1/1
11	35752597	35753111	514	1/1
11	46161017	46162398	1381	0/1
11	47197478	47198029	551	1/1
11	54885415	54892294	6879	0/1
11	62085885	62088057	2172	1/1
11	65088421	65089286	865	1/1
11	66872505	66872782	277	1/1
11	67378677	67378872	195	1/1
11	69400840	69401402	562	1/1
11	74024905	74027387	2482	0/1
11	74873828	74875005	1177	0/1
11	74880807	74883421	2614	0/1
11	76224446	76226445	1999	0/1
11	88580514	88580710	196	1/1
11	88964482	88967930	3448	1/1
11	90193706	90195997	2291	0/1
11	92771871	92773329	1458	0/1
11	93021137	93022157	1020	0/1
11	93661848	93664255	2407	0/1
11	96001924	96003394	1470	0/1
11	117100572	117101064	492	1/1
11	123144903	123150435	5532	0/1
11	127485975	127486325	350	1/1
11	128682716	128683409	693	0/1
12	5256642	5258661	2019	0/1
12	6241436	6248077	6641	0/1
12	6887083	6887405	322	0/1
12	9016840	9017867	1027	1/1
12	9232410	9232688	278	0/1
12	9927334	9928171	837	1/1
12	10813066	10813239	173	0/1
12	11068046	11068298	252	1/1
12	11134899	11136169	1270	0/1
12	11184169	11245062	60893	0/1
12	16420123	16421282	1159	0/1
12	18814254	18814823	569	0/1
12	19726524	19727061	537	1/1
12	25289384	25290657	1273	1/1
12	29844381	29846435	2054	0/1
12	30371317	30371742	425	0/1
12	30478283	30480989	2706	0/1
12	38786578	38786928	350	1/1
12	41148390	41151158	2768	0/1
12	41183195	41183501	306	1/1
12	43071035	43071940	905	0/1
12	52369712	52369956	244	0/1
12	56596968	56597226	258	0/1
12	59664924	59665100	176	1/1
12	63864164	63864356	192	0/1
12	69991850	69992100	250	1/1
12	70872265	70878216	5951	0/1
12	71381843	71382333	490	1/1
12	71602357	71604473	2116	0/1
12	72356576	72358140	1564	0/1
12	72760758	72760921	163	1/1
12	76783608	76784198	590	1/1
12	84163594	84163801	207	0/1
12	84593108	84596011	2903	1/1
12	86426103	86432915	6812	0/1
12	86695084	86697257	2173	0/1
12	87697005	87698755	1750	1/1
12	89611824	89612206	382	0/1
12	92891134	92892950	1816	1/1
12	94888985	94889322	337	1/1
12	95344396	95345039	643	1/1
12	104555598	104556075	477	0/1
12	107016625	107017029	404	0/1
12	107966958	107967518	560	0/1
12	112228364	112229107	743	1/1
12	112229221	112229862	641	0/1
12	112229967	112230401	434	1/1
12	112304033	112305373	1340	0/1
12	117376444	117377731	1287	0/1
12	131360916	131362777	1861	0/1
13	20825481	20828792	3311	0/1
13	20840324	20840560	236	1/1
13	27050041	27052186	2145	1/1
13	31043601	31043824	223	0/1
13	39057315	39060201	2886	1/1
13	48064207	48066229	2022	1/1
13	49267489	49267712	223	1/1
13	55941178	55941468	290	0/1
13	56036958	56037910	952	1/1
13	59449253	59450016	763	0/1
13	65137261	65139561	2300	1/1
13	65637808	65638210	402	0/1
13	72477264	72480576	3312	0/1
13	72843037	72846915	3878	0/1
13	75747633	75747824	191	1/1
13	89800022	89800285	263	1/1
13	94743840	94744619	779	1/1
13	98198530	98198732	202	0/1
13	104091764	104092246	482	1/1
13	108947016	108951793	4777	0/1
13	112528491	112528696	205	0/1
13	115007752	115008728	976	1/1
13	115009464	115010364	900	1/1
14	22774831	22775364	533	0/1
14	23922246	23922646	400	1/1
14	24313631	24314260	629	1/1
14	26283873	26284799	926	0/1
14	28561561	28562256	695	1/1
14	31813876	31814050	174	1/1
14	35428810	35432453	3643	0/1
14	51482422	51482975	553	0/1
14	52378343	52378902	559	0/1
14	53317367	53317789	422	0/1
14	54710346	54713685	3339	0/1
14	55004881	55005270	389	1/1
14	56107924	56108407	483	1/1
14	58357546	58358107	561	1/1
14	60341397	60343241	1844	0/1
14	61058055	61059479	1424	0/1
14	65119312	65120008	696	1/1
14	68157136	68157854	718	0/1
14	70468976	70469478	502	1/1
14	71364119	71364776	657	0/1
14	72658320	72660784	2464	0/1
14	80106288	80115049	8761	0/1
14	83337525	83339188	1663	0/1
14	85297108	85302155	5047	1/1
14	87052895	87054462	1567	0/1
14	91042433	91042697	264	1/1
14	91581487	91583320	1833	0/1
14	92954762	92954914	152	0/1
14	105415171	105418141	2970	0/1
14	106078442	106223032	144590	0/1
14	106078510	106223099	144589	0/1
14	106078611	106223202	144591	0/1
14	106330844	106354403	23559	1/1
14	107174398	107174803	405	0/1
15	27303233	27304763	1530	0/1
15	39744390	39744859	469	1/1
15	41745244	41749867	4623	0/1
15	41750072	41756966	6894	0/1
15	41772520	41772775	255	0/1
15	41981927	41992525	10598	0/1
15	42146326	42147487	1161	0/1
15	47720633	47720807	174	0/1
15	49421756	49422915	1159	0/1
15	50902156	50903287	1131	0/1
15	51216199	51217292	1093	0/1
15	62706092	62707792	1700	0/1
15	64196439	64197540	1101	0/1
15	73462665	73462914	249	1/1
15	77330746	77332721	1975	1/1
15	78008485	78012583	4098	0/1
15	79227424	79228021	597	1/1
15	86568120	86568311	191	1/1
15	91981577	91989265	7688	0/1
15	99656598	99657395	797	0/1
15	100045872	100046957	1085	0/1
15	100416661	100423235	6574	0/1
15	101778822	101778990	168	1/1
15	102379556	102379872	316	1/1
16	70075	72557	2482	0/1
16	1886491	1886797	306	0/1
16	2647275	2647650	375	1/1
16	6170298	6171304	1006	0/1
16	7184840	7185690	850	1/1
16	9972826	9975265	2439	0/1
16	11683733	11685294	1561	0/1
16	13294465	13296494	2029	0/1
16	19945550	19967579	22029	1/1
16	20446456	20447262	806	0/1
16	21106700	21107764	1064	1/1
16	25066321	25137465	71144	0/1
16	25340109	25343127	3018	0/1
16	25639376	25640150	774	0/1
16	25850339	25850784	445	0/1
16	26083526	26085304	1778	0/1
16	31276818	31277130	312	1/1
16	33978539	33978696	157	1/1
16	34356588	34356904	316	0/1
16	48089364	48089787	423	0/1
16	48508916	48511376	2460	0/1
16	57725395	57727846	2451	0/1
16	70574034	70575000	966	1/1
16	72655170	72655412	242	1/1
16	73114119	73114709	590	1/1
16	74094556	74106935	12379	0/1
16	75821759	75822063	304	1/1
16	76539133	76544024	4891	1/1
16	78371638	78384898	13260	0/1
16	78782225	78782863	638	1/1
16	78876651	78877549	898	0/1
16	78998853	78999569	716	1/1
16	80431513	80432061	548	0/1
16	80976502	80983282	6780	0/1
16	82451689	82452121	432	0/1
16	83442677	83443044	367	0/1
16	83889119	83889296	177	1/1
16	85302491	85304390	1899	0/1
16	87902230	87903263	1033	1/1
16	89817763	89819987	2224	1/1
17	801626	802222	596	1/1
17	2043429	2043924	495	1/1
17	2394946	2395282	336	0/1
17	4515188	4515542	354	0/1
17	5013236	5015078	1842	1/1
17	5760873	5761879	1006	0/1
17	6186549	6188987	2438	1/1
17	6401244	6402394	1150	1/1
17	7467275	7467437	162	0/1
17	8733795	8734209	414	0/1
17	12718691	12719091	400	0/1
17	13788076	13788936	860	0/1
17	14189910	14191555	1645	0/1
17	14349600	14349952	352	1/1
17	15863568	15863886	318	0/1
17	18155130	18155312	182	1/1
17	18853853	18854030	177	0/1
17	25561982	25562286	304	1/1
17	26883281	26883841	560	0/1
17	26906855	26907026	171	0/1
17	27000527	27001299	772	0/1
17	28007515	28009460	1945	1/1
17	32583358	32583740	382	1/1
17	32646593	32647284	691	1/1
17	32647405	32647820	415	0/1
17	32683619	32684491	872	0/1
17	36821302	36821881	579	0/1
17	37813338	37814027	689	0/1
17	39421829	39432413	10584	0/1
17	40012036	40012355	319	0/1
17	49623996	49627052	3056	0/1
17	52048409	52935324	886915	0/1
17	56263383	56263624	241	1/1
17	61334333	61336415	2082	1/1
17	61573877	61574158	281	0/1
17	62213179	62214151	972	0/1
17	62467717	62468693	976	0/1
17	62670875	62671483	608	0/1
17	67025842	67027597	1755	1/1
17	72338120	72339140	1020	0/1
17	73907936	73908196	260	1/1
17	74783325	74788308	4983	0/1
17	79479384	79479757	373	1/1
18	4490348	4492501	2153	0/1
18	5270458	5272664	2206	0/1
18	8469740	8471991	2251	1/1
18	9552018	9553558	1540	1/1
18	9621929	9622235	306	0/1
18	9732422	9732922	500	0/1
18	9960381	9962003	1622	1/1
18	10159042	10159718	676	0/1
18	10276185	11885986	1609801	0/1
18	10792816	10793054	238	1/1
18	11509695	11511464	1769	0/1
18	12493864	12495454	1590	1/1
18	12495455	13164588	669133	1/1
18	14433690	14435657	1967	0/1
18	14654443	14656342	1899	0/1
18	21990742	21992047	1305	0/1
18	23747805	23751322	3517	0/1
18	24959437	24959693	256	1/1
18	26403487	26403661	174	1/1
18	32530959	32531229	270	0/1
18	34278714	34278923	209	0/1
18	35306060	35306622	562	1/1
18	38726567	38727247	680	0/1
18	41453427	41453755	328	0/1
18	43775446	43777034	1588	0/1
18	46979020	46979601	581	1/1
18	50462565	50463030	465	0/1
18	51161098	51163061	1963	0/1
18	51205969	51210539	4570	0/1
18	53081280	53083760	2480	1/1
18	55807680	55807849	169	0/1
18	58501331	58501725	394	1/1
18	64913565	64914995	1430	0/1
18	64959013	64967261	8248	0/1
18	65145308	65145793	485	0/1
18	66228957	66229335	378	0/1
18	73901667	73902038	371	0/1
18	76053623	76053873	250	1/1
19	566149	569357	3208	0/1
19	1255059	1255419	360	0/1
19	3716043	3717364	1321	0/1
19	3982048	3982241	193	1/1
19	4061196	4061668	472	0/1
19	4560586	4562823	2237	0/1
19	5556705	5559024	2319	1/1
19	5679407	5679596	189	1/1
19	5707154	5707707	553	1/1
19	10996992	10997241	249	1/1
19	12694876	12698930	4054	0/1
19	12944680	12946553	1873	1/1
19	14516748	14517139	391	0/1
19	15046391	15049477	3086	0/1
19	15274997	15275379	382	1/1
19	18288101	18288519	418	1/1
19	18507058	18509587	2529	0/1
19	19834443	19839662	5219	1/1
19	21062227	21062610	383	1/1
19	21272640	21334670	62030	0/1
19	23876683	23877202	519	0/1
19	23893439	23895550	2111	0/1
19	24055554	24150611	95057	0/1
19	24055931	24150989	95058	0/1
19	24314147	24315992	1845	0/1
19	29541330	29541531	201	0/1
19	31032834	31033259	425	1/1
19	31916598	31917044	446	1/1
19	35832504	35833522	1018	0/1
19	36979729	36980517	788	1/1
19	36980517	39539191	2558674	1/1
19	37460698	37461262	564	1/1
19	37702875	37703488	613	0/1
19	40143687	40144120	433	0/1
19	40388294	40404027	15733	0/1
19	46727842	46728269	427	1/1
19	48886584	48887486	902	0/1
19	50075122	50120305	45183	0/1
19	50784936	50785273	337	0/1
19	52888816	52891386	2570	0/1
19	53214146	53275428	61282	0/1
19	53322648	53358937	36289	0/1
19	54288323	54290430	2107	1/1
19	54723766	54743517	19751	0/1
19	54723887	54743640	19753	0/1
19	55704357	57474872	1770515	0/1
19	56530867	56532380	1513	0/1
19	56531900	56532380	480	1/1
19	59096465	59096620	155	0/1
20	2637194	2637418	224	1/1
20	2842541	2842695	154	1/1
20	2979923	2980979	1056	0/1
20	3669266	3669801	535	1/1
20	3784184	3785215	1031	0/1
20	4840029	4842592	2563	0/1
20	5290650	5291054	404	1/1
20	7398707	7403591	4884	0/1
20	7527162	7527620	458	1/1
20	11086191	11086356	165	1/1
20	15301731	15303768	2037	1/1
20	15640072	15640609	537	0/1
20	16844984	16845284	300	1/1
20	19153140	19153708	568	1/1
20	19905983	19906290	307	0/1
20	20928862	20931333	2471	1/1
20	21518464	21520424	1960	1/1
20	23103303	23103596	293	1/1
20	23232034	23234224	2190	1/1
20	23757070	23838706	81636	0/1
20	23757332	23838968	81636	0/1
20	24057555	24058375	820	1/1
20	24504043	24504623	580	1/1
20	24504625	24801299	296674	1/1
20	24903697	24904415	718	1/1
20	33067593	33068402	809	0/1
20	33915945	33917036	1091	0/1
20	38093482	38094279	797	1/1
20	43129075	43129713	638	1/1
20	43132636	43133441	805	1/1
20	43135484	43135848	364	1/1
20	43140007	43141439	1432	0/1
20	44098497	44099025	528	1/1
20	44217678	44218562	884	1/1
20	44750997	44751248	251	1/1
20	46264454	46264631	177	1/1
20	46294037	46294600	563	1/1
20	47719792	47720289	497	0/1
20	48008399	48008878	479	0/1
20	48584711	48585554	843	1/1
20	50759190	50760928	1738	0/1
20	52634228	52635879	1651	0/1
20	60616721	60617281	560	1/1
20	61304250	61305139	889	1/1
20	62825812	62829207	3395	0/1
20	62949733	62959182	9449	0/1
21	10428796	10429129	333	0/1
21	10886758	10888458	1700	1/1
21	14796731	14796988	257	1/1
21	15692408	15692908	500	1/1
21	16222464	16222665	201	1/1
21	16232855	16234552	1697	0/1
21	20104714	20107189	2475	0/1
21	22861753	22863023	1270	0/1
21	30068642	30069466	824	0/1
21	30552224	30552578	354	0/1
21	33009040	33011856	2816	0/1
21	34165836	34167634	1798	1/1
21	37014963	37015168	205	1/1
21	38768245	38769062	817	1/1
21	39266367	39266808	441	1/1
21	39321557	39321942	385	0/1
21	41289273	41289665	392	0/1
21	43166938	43167688	750	0/1
21	43387241	43388202	961	0/1
21	45486326	45488237	1911	1/1
21	47338132	47340617	2485	0/1
21	47388021	47389724	1703	0/1
21	47446314	47446716	402	0/1
21	47625854	47626584	730	1/1
22	18057237	18059970	2733	0/1
22	18057750	18060457	2707	0/1
22	20964862	20965394	532	1/1
22	23029668	23090331	60663	0/1
22	23230751	23230915	164	1/1
22	29198887	29199381	494	1/1
22	29259686	29260777	1091	0/1
22	29736845	29737488	643	1/1
22	35007829	35010848	3019	0/1
22	36088340	36094786	6446	0/1
22	36088533	36094980	6447	0/1
22	36680556	36681165	609	0/1
22	37143169	37147895	4726	1/1
22	37707105	37707496	391	1/1
22	39294104	39298684	4580	1/1
22	39722635	39722909	274	1/1
22	39788378	39789344	966	1/1
22	40669577	40671720	2143	0/1
22	40671722	40812927	141205	0/1
22	40760365	40760879	514	1/1
22	41533794	41536143	2349	0/1
22	41572530	41572774	244	0/1
22	42139816	42141766	1950	1/1
22	42523930	42537630	13700	0/1
22	43549325	43549652	327	0/1
22	50654295	50655118	823	1/1
X	1468159	1468437	278	0/1
X	2193787	2193956	169	0/1
X	2292512	2294769	2257	0/1
X	2516976	2517446	470	0/1
X	13369807	13371893	2086	1/1
X	19178700	19180023	1323	1/1
X	19210106	19211896	1790	1/1
X	20705134	20705405	271	0/1
X	20829026	20829180	154	1/1
X	20896455	20897004	549	1/1
X	21153785	21154114	329	0/1
X	22790663	22790949	286	1/1
X	29825250	29825402	152	0/1
X	30999816	31002275	2459	0/1
X	40539382	40540006	624	1/1
X	41200867	41201745	878	1/1
X	43603416	43603611	195	0/1
X	43813839	43814178	339	1/1
X	45592223	45592710	487	0/1
X	45732357	45732956	599	0/1
X	47440461	47440812	351	0/1
X	50422638	50423695	1057	1/1
X	56954778	56955802	1024	0/1
X	58281984	58282189	205	0/1
X	71090906	71104810	13904	0/1
X	76841341	77078239	236898	0/1
X	83953757	83953980	223	1/1
X	103381749	103384073	2324	0/1
X	111707730	111708791	1061	0/1
X	124107243	124109007	1764	0/1
X	135893389	135893990	601	0/1
X	138941963	138942285	322	0/1
X	144652984	144653564	580	0/1
X	151057026	151058864	1838	0/1
X	151439970	151440646	676	1/1
Y	2749764	2749937	173	1/1
Y	4081188	4081634	446	1/1
Y	4182074	4183820	1746	0/1
Y	5270576	5272326	1750	0/1
Y	5872872	5873893	1021	1/1
Y	8620710	8620961	251	1/1
Y	13945197	13945841	644	1/1
Y	14016221	14016545	324	1/1
Y	17402652	17403196	544	0/1
Y	18619950	18620143	193	0/1
Y	19237197	19237762	565	0/1
Y	21070055	21070514	459	0/1
Y	22175081	22175509	428	1/1
Y	24429662	24429909	247	0/1
Y	24967361	24967550	189	0/1
Y	26130711	26132986	2275	0/1
Y	26601109	26601298	189	0/1
Y	27829450	27831725	2275	0/1
