1	7412663	7412996	-333	1/1
1	7570071	7571511	-1440	0/1
1	10705148	10705378	-230	0/1
1	11682894	11683186	-292	1/1
1	14436354	14436656	-302	0/1
1	18222432	18222751	-319	1/1
1	19427067	19428013	-946	0/1
1	20497194	20497738	-544	0/1
1	30521100	30521680	-580	0/1
1	31648815	31650578	-1763	0/1
1	37816473	37816711	-238	0/1
1	39906998	39907622	-624	1/1
1	39908584	39909116	-532	0/1
1	40012572	40013160	-588	0/1
1	41370320	41370658	-338	0/1
1	43694063	43695544	-1481	0/1
1	55092274	55095967	-3693	0/1
1	60048637	60049638	-1001	0/1
1	62082863	62083702	-839	1/1
1	62277187	62277896	-709	0/1
1	72755696	72764075	-8379	0/1
1	72766324	72811840	-45516	0/1
1	80221782	80223041	-1259	1/1
1	93824542	93825725	-1183	0/1
1	104443199	104443726	-527	0/1
1	105218644	105219445	-801	0/1
1	106164398	106215441	-51043	0/1
1	112355871	112356524	-653	0/1
1	113231761	113232034	-273	0/1
1	113799631	113800091	-460	0/1
1	145506079	145506578	-499	0/1
1	150239057	150239475	-418	1/1
1	150240189	150240356	-167	1/1
1	150297123	150298208	-1085	0/1
1	152555542	152587741	-32199	1/1
1	157105502	157106098	-596	1/1
1	158488408	158488676	-268	0/1
1	158786964	158788066	-1102	0/1
1	158867533	158869982	-2449	0/1
1	159648708	159649658	-950	1/1
1	160101181	160102171	-990	1/1
1	162094740	162095252	-512	1/1
1	166649075	166650348	-1273	0/1
1	168572262	168574236	-1974	0/1
1	173024157	173025699	-1542	1/1
1	174711580	174712204	-624	1/1
1	179607281	179608049	-768	1/1
1	183060809	183061526	-717	1/1
1	183119635	183119909	-274	1/1
1	187716106	187722533	-6427	0/1
1	188539456	188540230	-774	1/1
1	194060080	194060243	-163	1/1
1	194451079	194454282	-3203	0/1
1	198773749	198775415	-1666	0/1
1	199110049	199113806	-3757	0/1
1	210078055	210085971	-7916	1/1
1	211239582	211240035	-453	0/1
1	221724856	221725077	-221	1/1
1	229373388	229373763	-375	0/1
1	229812537	229820837	-8300	1/1
1	232458593	232460252	-1659	0/1
1	240393000	240394779	-1779	0/1
1	241664445	241666389	-1944	1/1
1	243782745	243783742	-997	1/1
1	244486473	244486628	-155	0/1
2	32148	34839	-2691	0/1
2	2798774	2799243	-469	1/1
2	4212676	4223310	-10634	0/1
2	5736056	5737332	-1276	0/1
2	6766076	6766478	-402	0/1
2	17585128	17590594	-5466	0/1
2	17943810	17945643	-1833	1/1
2	32282815	32284142	-1327	0/1
2	32750087	32750530	-443	1/1
2	33224462	33227293	-2831	0/1
2	34695830	34736560	-40730	0/1
2	41110163	41110688	-525	1/1
2	41738706	41740962	-2256	0/1
2	44467110	44468832	-1722	0/1
2	51224548	51225543	-995	0/1
2	52749687	52785271	-35584	0/1
2	65945824	65946412	-588	1/1
2	66505594	66507554	-1960	0/1
2	69376108	69376520	-412	1/1
2	75362163	75364224	-2061	1/1
2	76557057	76557291	-234	0/1
2	78117892	78118358	-466	0/1
2	79076572	79081207	-4635	0/1
2	82880292	86868090	-3987798	1/1
2	86868093	86870250	-2157	1/1
2	96858208	96858816	-608	1/1
2	96860747	96861079	-332	1/1
2	98412867	98413305	-438	0/1
2	98430852	98431662	-810	0/1
2	106695078	106695895	-817	1/1
2	111488626	111490911	-2285	1/1
2	113405041	113405229	-188	1/1
2	113414819	113416402	-1583	0/1
2	113417339	113417962	-623	0/1
2	116501212	116503399	-2187	0/1
2	118889785	118891454	-1669	0/1
2	121391980	121392417	-437	1/1
2	123364878	123365347	-469	1/1
2	124170258	124170585	-327	1/1
2	124560726	124563028	-2302	0/1
2	124563029	224198940	-99635911	0/1
2	132028962	132029658	-696	0/1
2	138490115	138490488	-373	0/1
2	154494935	154495148	-213	0/1
2	159298586	159299174	-588	1/1
2	159661997	159662873	-876	0/1
2	166014695	166016745	-2050	0/1
2	172438435	172438900	-465	0/1
2	173554472	173556236	-1764	0/1
2	178287637	178288062	-425	1/1
2	186852349	186852739	-390	0/1
2	189119619	189120926	-1307	0/1
2	190095853	190102918	-7065	0/1
2	196214816	196215227	-411	1/1
2	198266251	198266464	-213	1/1
2	199470771	199471144	-373	0/1
2	200312455	200312680	-225	1/1
2	202552026	202554364	-2338	0/1
2	209103958	209104587	-629	1/1
2	215728763	215730832	-2069	1/1
2	216208765	216209022	-257	0/1
2	216242986	216243851	-865	1/1
2	217955896	217957267	-1371	0/1
2	223781214	223782764	-1550	0/1
2	223787549	223787794	-245	0/1
2	229264346	229268337	-3991	0/1
2	233332719	233333463	-744	0/1
2	234756429	234757776	-1347	1/1
2	238746300	238746664	-364	0/1
3	6700874	6701254	-380	0/1
3	8163018	77762543	-69599525	1/1
3	13681183	13682273	-1090	0/1
3	16305738	16306275	-537	1/1
3	18729957	18730779	-822	0/1
3	26450970	26452299	-1329	0/1
3	30245938	30246288	-350	0/1
3	31666579	31667445	-866	1/1
3	33056587	33058447	-1860	1/1
3	41280845	41281149	-304	1/1
3	41336681	41337230	-549	1/1
3	47490669	47493441	-2772	1/1
3	50098654	50098895	-241	1/1
3	55238654	55239663	-1009	0/1
3	55238655	55239379	-724	1/1
3	56604700	56604956	-256	0/1
3	68464392	68464829	-437	1/1
3	68634773	68640254	-5481	0/1
3	69065662	69066255	-593	1/1
3	70013476	70013888	-412	0/1
3	74685636	74685971	-335	0/1
3	78779423	78779719	-296	1/1
3	80971287	80971500	-213	1/1
3	82216706	82217765	-1059	0/1
3	95465769	95467885	-2116	0/1
3	97631499	97632300	-801	1/1
3	98899063	98902390	-3327	1/1
3	98943805	98949513	-5708	0/1
3	118281606	118281824	-218	1/1
3	118347790	118349647	-1857	1/1
3	119764194	119766506	-2312	0/1
3	124936295	124937164	-869	0/1
3	129302512	129302968	-456	0/1
3	131965276	131965601	-325	1/1
3	132221313	132222055	-742	1/1
3	133952456	133954186	-1730	0/1
3	136021013	136026197	-5184	1/1
3	136064151	136064415	-264	0/1
3	148281440	148285420	-3980	0/1
3	158287521	158288327	-806	0/1
3	158539442	158539770	-328	0/1
3	162816800	162817193	-393	1/1
3	166672292	166674375	-2083	0/1
3	168738456	168738836	-380	0/1
3	170163578	170164001	-423	1/1
3	172060906	172061875	-969	1/1
3	174245533	174245880	-347	0/1
3	177294510	177297474	-2964	0/1
3	178567654	178568344	-690	0/1
3	189737348	189740525	-3177	0/1
3	190478458	190478635	-177	0/1
3	190955847	190957032	-1185	1/1
3	192304879	192312815	-7936	0/1
3	192875332	192885406	-10074	1/1
3	196934573	196939250	-4677	0/1
3	197843929	197850167	-6238	0/1
4	1602959	1603670	-711	0/1
4	6909614	6911694	-2080	1/1
4	7524947	7527050	-2103	0/1
4	10211267	10234568	-23301	0/1
4	10392432	10402169	-9737	0/1
4	11525605	11525880	-275	1/1
4	12441595	12441899	-304	0/1
4	14304733	14305940	-1207	1/1
4	24443635	24444507	-872	0/1
4	28421592	28421941	-349	0/1
4	32781357	32781598	-241	0/1
4	35038338	35040417	-2079	0/1
4	46061814	46064430	-2616	0/1
4	46202797	46205027	-2230	0/1
4	48484861	48485172	-311	1/1
4	53980090	53981039	-949	1/1
4	57761060	57761473	-413	1/1
4	61330106	61333186	-3080	1/1
4	63669426	63676127	-6701	0/1
4	64920392	64921791	-1399	1/1
4	65719085	65719465	-380	0/1
4	73831250	73831821	-571	0/1
4	85247948	85248358	-410	0/1
4	86976378	86979952	-3574	0/1
4	91931557	91935837	-4280	0/1
4	101960156	101961188	-1032	0/1
4	107056578	107063362	-6784	0/1
4	107974329	107974487	-158	0/1
4	115525491	115525917	-426	0/1
4	119125415	119130200	-4785	0/1
4	120027244	120027579	-335	0/1
4	122282252	122289952	-7700	0/1
4	125078261	125079716	-1455	0/1
4	127545934	127547501	-1567	0/1
4	130626374	130626643	-269	0/1
4	132600843	180574168	-47973325	0/1
4	133445432	133445702	-270	1/1
4	135433002	135435697	-2695	1/1
4	141354838	141355976	-1138	0/1
4	146438813	146440451	-1638	0/1
4	156849583	156850693	-1110	0/1
4	157305270	157306908	-1638	0/1
4	161485963	161486360	-397	1/1
4	162053251	162053524	-273	0/1
4	170278464	170278882	-418	0/1
4	172374412	172379426	-5014	1/1
4	172988641	172992931	-4290	1/1
4	175185508	175186624	-1116	0/1
4	180574166	180574811	-645	0/1
4	186441637	186444074	-2437	1/1
4	187614520	187614845	-325	1/1
4	187971257	187972690	-1433	0/1
5	1178294	1180733	-2439	1/1
5	2769428	2769641	-213	1/1
5	9389992	9390488	-496	0/1
5	12811020	12820524	-9504	1/1
5	16124810	16125485	-675	0/1
5	17067842	34018432	-16950590	0/1
5	19375269	19376394	-1125	0/1
5	26796701	26801897	-5196	1/1
5	30915523	30916056	-533	0/1
5	31443611	38986992	-7543381	1/1
5	45274024	45276006	-1982	0/1
5	53144382	53146072	-1690	1/1
5	57434256	57435136	-880	1/1
5	62687437	62687707	-270	1/1
5	65712699	65712989	-290	0/1
5	74654654	74654995	-341	0/1
5	76855207	76855641	-434	0/1
5	78733172	150149970	-71416798	0/1
5	92250604	92251623	-1019	1/1
5	98839889	98842905	-3016	0/1
5	106324753	106326431	-1678	0/1
5	113434067	113434733	-666	1/1
5	117868223	117868533	-310	0/1
5	120817325	120819632	-2307	0/1
5	121296445	121296897	-452	1/1
5	121355036	121355781	-745	1/1
5	122152723	122152975	-252	0/1
5	123069968	123070343	-375	1/1
5	127336000	127336937	-937	0/1
5	127407443	127410917	-3474	0/1
5	135733907	135734063	-156	1/1
5	140957913	140958081	-168	1/1
5	141459200	141459506	-306	0/1
5	144871906	144872806	-900	0/1
5	147819355	147819987	-632	1/1
5	150149969	150150858	-889	0/1
5	150646475	150646857	-382	1/1
5	155666019	155666433	-414	0/1
5	170276427	170276593	-166	1/1
5	171151849	171152295	-446	1/1
5	178348363	178353196	-4833	0/1
5	180569234	180569979	-745	1/1
6	684064	684653	-589	1/1
6	12551519	12552995	-1476	0/1
6	16884968	16886094	-1126	0/1
6	20798473	20799999	-1526	0/1
6	28101474	56652970	-28551496	0/1
6	32461277	32468768	-7491	1/1
6	32514888	32516241	-1353	1/1
6	33583198	33585845	-2647	0/1
6	33937829	33942690	-4861	0/1
6	34722687	34723042	-355	1/1
6	35626434	35629745	-3311	1/1
6	38537921	38538497	-576	1/1
6	38577854	38578632	-778	0/1
6	50200528	50201864	-1336	1/1
6	51736111	51736805	-694	0/1
6	53928709	53934681	-5972	0/1
6	57175362	57175786	-424	0/1
6	69138587	69139391	-804	0/1
6	69471197	69471721	-524	0/1
6	71891036	71892395	-1359	0/1
6	73080480	73082435	-1955	0/1
6	74592063	74602440	-10377	0/1
6	74932724	74933065	-341	0/1
6	77054698	77054899	-201	0/1
6	77097496	77102642	-5146	1/1
6	78967194	79036774	-69580	0/1
6	79521087	79530686	-9599	0/1
6	86623834	86625826	-1992	1/1
6	89921753	89922177	-424	0/1
6	92753728	92754081	-353	1/1
6	95193324	95194337	-1013	1/1
6	100034501	100035316	-815	1/1
6	101934559	101939024	-4465	0/1
6	102066742	102066947	-205	1/1
6	110512003	110513766	-1763	0/1
6	137313694	137314187	-493	1/1
6	141548625	141550029	-1404	0/1
6	142759921	142760607	-686	0/1
6	165724669	165732133	-7464	0/1
7	8698630	8698847	-217	1/1
7	14451267	14451431	-164	1/1
7	19646586	19646805	-219	1/1
7	24038165	24040071	-1906	0/1
7	26137027	26145828	-8801	0/1
7	41514656	41515941	-1285	0/1
7	42004592	42005134	-542	1/1
7	42405103	46657292	-4252189	0/1
7	43273830	43275352	-1522	0/1
7	44737623	44739849	-2226	0/1
7	46657290	46658623	-1333	0/1
7	52520173	52520374	-201	1/1
7	55971772	55972135	-363	0/1
7	56761984	56769948	-7964	0/1
7	57410199	57410844	-645	0/1
7	64413373	64414028	-655	0/1
7	64425469	64425935	-466	1/1
7	65589705	65591966	-2261	0/1
7	73267125	73268205	-1080	0/1
7	73549766	73551277	-1511	0/1
7	83915441	83916148	-707	0/1
7	84153283	84154207	-924	1/1
7	90150259	90150500	-241	0/1
7	93169561	93170104	-543	0/1
7	93541816	93542537	-721	1/1
7	95478236	95478527	-291	1/1
7	96650506	96651355	-849	0/1
7	106583081	106584021	-940	1/1
7	107464069	107464740	-671	0/1
7	110181968	110188433	-6465	1/1
7	111460877	111461270	-393	1/1
7	126045889	126051448	-5559	1/1
7	133785003	133798330	-13327	0/1
7	140188818	140190151	-1333	0/1
7	140662781	140663307	-526	0/1
7	144877559	144879775	-2216	0/1
7	145988219	145989129	-910	1/1
7	148701303	148702232	-929	0/1
7	151671202	151671375	-173	0/1
7	152574768	152580313	-5545	0/1
7	152708468	152708846	-378	0/1
8	549219	549571	-352	1/1
8	594397	599412	-5015	0/1
8	2122084	2122347	-263	0/1
8	3511419	10941634	-7430215	1/1
8	4122885	4124957	-2072	0/1
8	4482238	5588243	-1106005	1/1
8	9129383	9129555	-172	0/1
8	9756057	9756457	-400	0/1
8	13580539	13581679	-1140	0/1
8	14644858	14645357	-499	0/1
8	15747567	15748219	-652	0/1
8	17065601	17067437	-1836	0/1
8	19555555	19556236	-681	0/1
8	21249740	21250170	-430	1/1
8	24972434	24990944	-18510	1/1
8	25614291	25614694	-403	1/1
8	26699928	26701210	-1282	0/1
8	27277079	27277872	-793	0/1
8	27277873	38661542	-11383669	0/1
8	29963053	29963486	-433	0/1
8	35749005	35749318	-313	1/1
8	37036652	37038106	-1454	1/1
8	47405882	47407891	-2009	0/1
8	49093386	49093979	-593	1/1
8	53980274	89142657	-35162383	0/1
8	59426619	59427220	-601	1/1
8	64097931	65201838	-1103907	0/1
8	67120750	67121716	-966	0/1
8	72184326	72184913	-587	1/1
8	72263965	99717936	-27453971	0/1
8	72524503	72524709	-206	0/1
8	82045018	82046618	-1600	0/1
8	82045019	82046619	-1600	0/1
8	82461193	95548409	-13087216	0/1
8	85742857	85743987	-1130	1/1
8	99717934	99720303	-2369	0/1
8	112294052	112297140	-3088	1/1
8	114056495	114058773	-2278	0/1
8	114934393	114934683	-290	0/1
8	117651115	117652770	-1655	1/1
8	118873738	118875468	-1730	0/1
8	119518706	119519216	-510	0/1
8	120398849	120399226	-377	1/1
8	120645682	120646524	-842	0/1
8	120733874	120734042	-168	0/1
8	138742967	138743862	-895	1/1
8	145649653	145650101	-448	1/1
9	547416	547754	-338	0/1
9	4376421	4377645	-1224	0/1
9	6729227	6730110	-883	0/1
9	7176262	7176672	-410	1/1
9	10404564	10405092	-528	1/1
9	11846229	11846714	-485	1/1
9	15815309	15821941	-6632	0/1
9	22496527	22504344	-7817	1/1
9	23362801	23377684	-14883	0/1
9	28846386	28847644	-1258	0/1
9	33773722	33775729	-2007	0/1
9	35706899	35707068	-169	1/1
9	74448960	74449918	-958	0/1
9	76178871	88302483	-12123612	0/1
9	83378732	83379324	-592	1/1
9	88335626	138762622	-50426996	0/1
9	93827622	93829311	-1689	1/1
9	95656917	95657254	-337	1/1
9	96188842	100505075	-4316233	0/1
9	96323533	96324489	-956	1/1
9	104180593	104180935	-342	0/1
9	104219700	104220379	-679	1/1
9	108029758	108030583	-825	1/1
9	109473241	109473778	-537	1/1
9	118310396	118311024	-628	0/1
9	121420867	121423637	-2770	0/1
9	122236148	137432370	-15196222	0/1
9	124019575	124021868	-2293	1/1
9	125294597	125296873	-2276	0/1
9	130233808	130234528	-720	1/1
9	130868799	130869306	-507	1/1
9	133005511	133005917	-406	0/1
9	133947951	133948491	-540	0/1
9	135144548	135144736	-188	1/1
9	136625195	136626263	-1068	0/1
9	137432368	137434012	-1644	0/1
9	139456208	139457908	-1700	0/1
9	140886950	140887541	-591	1/1
10	154785	23758499	-23603714	0/1
10	1662213	1663687	-1474	0/1
10	1663688	25509269	-23845581	0/1
10	7077040	7078301	-1261	1/1
10	9686966	25307697	-15620731	0/1
10	11323865	11325089	-1224	1/1
10	12411204	12412022	-818	0/1
10	16048980	16049567	-587	1/1
10	17310711	17315494	-4783	0/1
10	18503076	18503590	-514	1/1
10	18691969	18692999	-1030	0/1
10	21432215	21432461	-246	0/1
10	21794307	21794570	-263	0/1
10	24401787	24403172	-1385	1/1
10	25732571	25733061	-490	0/1
10	27676744	27677939	-1195	1/1
10	30186633	30188519	-1886	1/1
10	37716171	37716573	-402	1/1
10	52862870	52864881	-2011	0/1
10	53386493	53387131	-638	1/1
10	56682780	56684359	-1579	0/1
10	57701031	57701205	-174	0/1
10	59209787	59211854	-2067	0/1
10	59875361	60653168	-777807	0/1
10	61202686	61203528	-842	0/1
10	61332297	61334669	-2372	0/1
10	62305239	62305645	-406	1/1
10	63080281	63080987	-706	1/1
10	63658652	63659327	-675	0/1
10	66398775	66400745	-1970	0/1
10	69422163	69424654	-2491	0/1
10	70068227	70070645	-2418	0/1
10	73598986	73599535	-549	0/1
10	74681357	74683640	-2283	1/1
10	74833586	74834564	-978	1/1
10	75577954	75578375	-421	0/1
10	82904657	82904911	-254	1/1
10	88213093	88213413	-320	0/1
10	88232101	88232369	-268	0/1
10	89298791	89300143	-1352	1/1
10	92172712	92173219	-507	0/1
10	102911582	102912257	-675	1/1
10	107253002	107253352	-350	1/1
10	107950684	107951596	-912	1/1
10	108030321	108032542	-2221	0/1
10	117711617	117712003	-386	0/1
10	130836871	130837275	-404	0/1
10	131571821	131572211	-390	1/1
10	132988684	132991172	-2488	0/1
11	775142	776001	-859	1/1
11	5563816	5565719	-1903	1/1
11	11537967	11538471	-504	1/1
11	12244291	12244956	-665	0/1
11	13762529	45468357	-31705828	0/1
11	16302580	16302908	-328	0/1
11	20112648	20113975	-1327	0/1
11	31393776	31397647	-3871	0/1
11	34175928	34176248	-320	0/1
11	34186906	34188806	-1900	0/1
11	34188912	34189448	-536	1/1
11	45132765	45132957	-192	0/1
11	45429849	45431614	-1765	0/1
11	46161017	46162399	-1382	0/1
11	62085885	62088058	-2173	1/1
11	65088424	65089287	-863	1/1
11	66872505	66872783	-278	1/1
11	67378679	67378873	-194	1/1
11	74024908	74027388	-2480	0/1
11	74873830	74875006	-1176	0/1
11	74880812	74883422	-2610	0/1
11	88580516	88580711	-195	1/1
11	88819257	88819419	-162	1/1
11	88964369	88968184	-3815	0/1
11	88964485	88967931	-3446	1/1
11	90193708	90195998	-2290	0/1
11	92771871	92773330	-1459	0/1
11	93021139	93022158	-1019	0/1
11	96001925	96003395	-1470	0/1
11	98248208	98248599	-391	0/1
11	117100575	117101065	-490	1/1
11	123144905	123150436	-5531	0/1
11	127485976	127486326	-350	1/1
11	128682716	128683410	-694	0/1
12	5256645	5258662	-2017	0/1
12	6241438	6248078	-6640	0/1
12	6887087	6887406	-319	0/1
12	9232412	9232689	-277	0/1
12	9927334	9928172	-838	1/1
12	10813067	10813240	-173	0/1
12	11068046	11068299	-253	1/1
12	11134900	11136170	-1270	0/1
12	16420127	16421283	-1156	0/1
12	18814256	18814824	-568	0/1
12	19726524	19727062	-538	1/1
12	25289387	25290947	-1560	0/1
12	25289388	25290658	-1270	1/1
12	29844384	29846436	-2052	0/1
12	30371317	30371743	-426	0/1
12	30478287	30480990	-2703	0/1
12	34244832	34247366	-2534	0/1
12	38113483	38114219	-736	0/1
12	38786579	38786929	-350	1/1
12	41148391	41151159	-2768	0/1
12	41183196	41183502	-306	1/1
12	43071036	43071941	-905	0/1
12	45903153	45909940	-6787	0/1
12	52369707	52369932	-225	0/1
12	59664927	59665101	-174	1/1
12	63864164	63864357	-193	0/1
12	69991851	69992101	-250	1/1
12	70872266	70878217	-5951	0/1
12	71381843	71382334	-491	1/1
12	71602362	71604474	-2112	0/1
12	72760758	72760922	-164	1/1
12	76783611	76784199	-588	1/1
12	84593114	84596012	-2898	1/1
12	86426104	86432916	-6812	0/1
12	86695084	86697258	-2174	0/1
12	87697008	87698756	-1748	1/1
12	89611830	89612207	-377	0/1
12	92891134	92892951	-1817	1/1
12	94888987	94889323	-336	1/1
12	95344397	95345040	-643	1/1
12	104555607	104556076	-469	1/1
12	107966958	107967519	-561	0/1
12	112228367	112229108	-741	1/1
12	112229223	112229863	-640	0/1
12	112229967	112230402	-435	1/1
12	112304038	112305374	-1336	0/1
12	117376447	117377732	-1285	0/1
12	131360916	131362778	-1862	0/1
13	20825485	20828793	-3308	0/1
13	20840324	20840561	-237	1/1
13	27050044	27052187	-2143	1/1
13	31043603	31043825	-222	0/1
13	34928044	34928564	-520	0/1
13	39057320	39060202	-2882	1/1
13	41245097	50502856	-9257759	0/1
13	48064209	48066230	-2021	1/1
13	49267490	49267713	-223	1/1
13	55941182	55941469	-287	0/1
13	56036959	56037911	-952	1/1
13	59449253	59450017	-764	0/1
13	65137261	65139562	-2301	1/1
13	65637808	65638211	-403	0/1
13	72477265	72480577	-3312	0/1
13	75747633	75747825	-192	1/1
13	81856989	81859247	-2258	0/1
13	89800023	89800286	-263	1/1
13	94743842	94744620	-778	1/1
13	98249159	98249469	-310	0/1
13	104091765	104092247	-482	1/1
13	108947019	108951794	-4775	0/1
13	115007755	115008729	-974	1/1
13	115009464	115010365	-901	1/1
14	22774835	22775365	-530	0/1
14	23922251	23922647	-396	1/1
14	24313631	24314261	-630	1/1
14	28561563	28562257	-694	1/1
14	31813878	31814051	-173	1/1
14	35428815	35432454	-3639	0/1
14	42987528	42992933	-5405	0/1
14	43372911	43373310	-399	0/1
14	51482425	51482976	-551	0/1
14	52378344	52378903	-559	0/1
14	53317372	53317790	-418	0/1
14	54710349	54713686	-3337	0/1
14	55004881	55005271	-390	1/1
14	56107926	56108408	-482	1/1
14	58357548	58358108	-560	1/1
14	60341398	60343242	-1844	0/1
14	61058055	61059480	-1425	0/1
14	68157139	68157855	-716	0/1
14	70468978	70469479	-501	1/1
14	71364119	71364777	-658	0/1
14	72658320	72660785	-2465	0/1
14	80106290	80115050	-8760	0/1
14	83337527	83339189	-1662	0/1
14	85297116	85302156	-5040	1/1
14	87052899	87054463	-1564	0/1
14	91042435	91042698	-263	1/1
14	91581489	91583321	-1832	0/1
14	106330845	106354404	-23559	1/1
14	107174398	107174804	-406	0/1
15	27303235	27304764	-1529	0/1
15	39744391	39744851	-460	1/1
15	41745250	41749868	-4618	0/1
15	41981927	41992526	-10599	0/1
15	42146327	42147488	-1161	0/1
15	47720634	47720808	-174	0/1
15	49421758	49422916	-1158	0/1
15	50902160	50903288	-1128	0/1
15	51216202	51217293	-1091	0/1
15	62706095	62707793	-1698	0/1
15	64196441	64197541	-1100	0/1
15	73462666	73462915	-249	1/1
15	74164205	74164386	-181	0/1
15	77330748	77332722	-1974	1/1
15	78008485	78012584	-4099	0/1
15	79227427	79228022	-595	1/1
15	86568121	86568312	-191	1/1
15	91981580	91989266	-7686	0/1
15	99656598	99657396	-798	0/1
15	100045875	100046958	-1083	0/1
15	101778823	101778991	-168	1/1
16	1886491	1886798	-307	0/1
16	2647276	2647651	-375	1/1
16	6170298	6171305	-1007	0/1
16	7184842	7185691	-849	1/1
16	9972827	9975266	-2439	0/1
16	11683759	11685295	-1536	0/1
16	13294467	13296495	-2028	0/1
16	19945554	19967580	-22026	1/1
16	20446457	20447263	-806	0/1
16	21106701	21107765	-1064	1/1
16	23760349	23762556	-2207	0/1
16	25340112	25343128	-3016	0/1
16	25639379	25640151	-772	0/1
16	25850340	25850785	-445	0/1
16	26288712	26289452	-740	0/1
16	31276819	31277131	-312	1/1
16	34356588	34356905	-317	0/1
16	57725396	57727847	-2451	0/1
16	67982025	67984376	-2351	0/1
16	70574035	70575001	-966	1/1
16	72655172	72655413	-241	1/1
16	74094558	74106936	-12378	0/1
16	75821759	75822064	-305	1/1
16	76539133	76544025	-4892	1/1
16	78171665	78172339	-674	0/1
16	78371638	78384899	-13261	0/1
16	78782225	78782864	-639	1/1
16	78876652	78877550	-898	0/1
16	78998854	78999570	-716	1/1
16	80976505	80983283	-6778	0/1
16	82451690	82452122	-432	0/1
16	83442677	83443045	-368	0/1
16	85302493	85304391	-1898	0/1
16	87902230	87903264	-1034	1/1
16	89817766	89819988	-2222	1/1
17	2043437	2043925	-488	1/1
17	6401246	6402395	-1149	1/1
17	7467278	7467438	-160	0/1
17	8733795	8734210	-415	0/1
17	12718691	12719092	-401	0/1
17	13788076	13788937	-861	0/1
17	14189911	14191556	-1645	0/1
17	14349602	14349953	-351	1/1
17	18155131	18155313	-182	1/1
17	18853854	18854031	-177	0/1
17	26883285	26883842	-557	0/1
17	27000538	27001300	-762	0/1
17	32583358	32583741	-383	1/1
17	32646596	32647285	-689	1/1
17	32647405	32647821	-416	1/1
17	32683621	32684492	-871	0/1
17	37813340	37814028	-688	0/1
17	48216948	48217458	-510	0/1
17	49623998	49627053	-3055	0/1
17	52048409	52935379	-886970	0/1
17	54305731	72338124	-18032393	0/1
17	57870216	57871185	-969	0/1
17	58340997	58343388	-2391	0/1
17	61334333	61336416	-2083	1/1
17	61573878	61574159	-281	0/1
17	62467718	62468694	-976	0/1
17	72338122	72339141	-1019	0/1
17	73907938	73908197	-259	1/1
17	79479387	79479758	-371	1/1
18	4490349	4492502	-2153	0/1
18	5270460	5272665	-2205	0/1
18	7301008	7302050	-1042	0/1
18	7301415	7302364	-949	0/1
18	8471992	10786705	-2314713	1/1
18	9552020	9553559	-1539	1/1
18	9732423	9732923	-500	0/1
18	9960383	9962004	-1621	1/1
18	10159042	10159719	-677	0/1
18	10274886	10276183	-1297	0/1
18	10792817	10793055	-238	1/1
18	11509695	11511465	-1770	0/1
18	12493864	12495455	-1591	1/1
18	13647104	13647595	-491	0/1
18	21990742	21992048	-1306	0/1
18	23747813	23751323	-3510	0/1
18	24959445	24959694	-249	1/1
18	32530959	32531230	-271	0/1
18	34278718	34278924	-206	0/1
18	35306060	35306623	-563	1/1
18	38726569	38727248	-679	0/1
18	43775447	43777035	-1588	0/1
18	46979020	46979602	-582	1/1
18	50462567	50463031	-464	0/1
18	51163062	65076125	-13913063	0/1
18	51205969	51210540	-4571	0/1
18	53081282	53083761	-2479	1/1
18	58501336	58501726	-390	1/1
18	64913566	64915306	-1740	0/1
18	64913567	64914996	-1429	0/1
18	64958719	64967281	-8562	0/1
18	64959014	64967262	-8248	0/1
18	65145310	65145794	-484	0/1
18	66228957	66229336	-379	0/1
18	73901669	73902039	-370	0/1
18	76053624	76053874	-250	1/1
19	1255061	1255420	-359	0/1
19	3369258	3370516	-1258	0/1
19	3716065	3717365	-1300	0/1
19	3982053	3982242	-189	1/1
19	4061196	4061669	-473	0/1
19	4860038	4861341	-1303	0/1
19	5556707	5559025	-2318	1/1
19	5559028	22064856	-16505828	1/1
19	5707154	5707708	-554	1/1
19	8613580	8614981	-1401	0/1
19	12946554	17417405	-4470851	1/1
19	14516755	14517140	-385	0/1
19	15046392	15049478	-3086	0/1
19	18273121	18273556	-435	0/1
19	18286507	18287950	-1443	0/1
19	18288102	18288520	-418	1/1
19	21062227	21062611	-384	1/1
19	21561747	21562053	-306	0/1
19	23876683	23877185	-502	0/1
19	24314147	24315993	-1846	0/1
19	29541333	29541532	-199	0/1
19	31032834	31033260	-426	1/1
19	31916599	31917045	-446	1/1
19	36979731	36980518	-787	1/1
19	36980520	39539192	-2558672	1/1
19	46727842	46728270	-428	1/1
19	48886586	48887487	-901	0/1
19	50784937	50785274	-337	0/1
19	52888818	52891387	-2569	0/1
19	54288325	54290431	-2106	1/1
19	59096467	59096621	-154	0/1
20	2637195	2637419	-224	1/1
20	2842545	2842696	-151	1/1
20	3669268	3669802	-534	1/1
20	3671923	3673857	-1934	0/1
20	3784187	3785216	-1029	0/1
20	4840033	4842593	-2560	0/1
20	5290651	5291055	-404	1/1
20	7398709	7403592	-4883	0/1
20	7527162	7527621	-459	1/1
20	11086191	11086357	-166	1/1
20	15301734	15303769	-2035	1/1
20	15640072	15640610	-538	0/1
20	16844986	16845285	-299	1/1
20	19153141	19153709	-568	1/1
20	19905983	19906291	-308	0/1
20	21518465	21520425	-1960	1/1
20	21520426	25427380	-3906954	1/1
20	23103303	23103597	-294	1/1
20	23232034	23234225	-2191	1/1
20	24057555	24058376	-821	1/1
20	24504044	24504624	-580	1/1
20	24504627	24801300	-296673	1/1
20	33067595	33068403	-808	0/1
20	33915947	33917037	-1090	0/1
20	35868920	35869071	-151	1/1
20	38093482	38094280	-798	1/1
20	43129077	43129714	-637	1/1
20	43132637	43133442	-805	1/1
20	43135486	43135849	-363	1/1
20	43140010	43141440	-1430	0/1
20	44098501	44099026	-525	1/1
20	44217679	44218563	-884	1/1
20	44750997	44751249	-252	1/1
20	46264459	46264632	-173	1/1
20	46294039	46294601	-562	1/1
20	47719792	47720290	-498	0/1
20	48008400	48008879	-479	0/1
20	48584711	48585555	-844	1/1
20	52634229	52635880	-1651	0/1
20	53454785	53456678	-1893	0/1
20	55690754	55693021	-2267	0/1
20	60616721	60617282	-561	1/1
20	61304250	61305140	-890	1/1
20	61724699	61725598	-899	1/1
20	62825812	62829208	-3396	0/1
20	62949292	62959183	-9891	0/1
21	10886336	10888459	-2123	0/1
21	15692408	15692909	-501	1/1
21	16222466	16222666	-200	1/1
21	16234553	47309206	-31074653	0/1
21	20104715	20107190	-2475	0/1
21	30068644	30069467	-823	0/1
21	30552226	30552579	-353	0/1
21	33009040	33011857	-2817	0/1
21	34165836	34167635	-1799	1/1
21	37014964	37015169	-205	1/1
21	38768245	38769063	-818	1/1
21	39321558	39321943	-385	0/1
21	41289276	41289666	-390	0/1
21	43091643	43095750	-4107	0/1
21	43166938	43167689	-751	0/1
21	43387248	43388203	-955	0/1
21	47338133	47340618	-2485	0/1
21	47388029	47389725	-1696	1/1
21	47625856	47626585	-729	1/1
22	20964862	20965395	-533	1/1
22	23230753	23230916	-163	1/1
22	29191722	29192035	-313	0/1
22	29198888	29199383	-495	1/1
22	29198889	29199382	-493	1/1
22	29736846	29737489	-643	1/1
22	32469426	42498876	-10029450	0/1
22	36680557	36681166	-609	0/1
22	37707107	37707497	-390	1/1
22	39294108	39298685	-4577	1/1
22	40760370	40760880	-510	1/1
22	41533794	41536144	-2350	0/1
22	41572533	41572775	-242	0/1
22	42139816	42141767	-1951	1/1
22	50654297	50655119	-822	1/1
X	1446196	1446776	-580	0/1
X	1468159	1468438	-279	0/1
X	2193795	2193957	-162	0/1
X	2607862	2609059	-1197	0/1
X	13369809	13371894	-2085	1/1
X	19180024	56987774	-37807750	1/1
X	19210106	19211897	-1791	1/1
X	20705134	20705406	-272	0/1
X	20829026	20829181	-155	1/1
X	21153786	21154115	-329	0/1
X	22790663	22790950	-287	1/1
X	30999816	31002276	-2460	0/1
X	40539387	40540007	-620	1/1
X	41200871	41201746	-875	1/1
X	43603419	43603612	-193	0/1
X	43813840	43814179	-339	1/1
X	45592224	45592711	-487	0/1
X	45732358	45732957	-599	0/1
X	47440463	47440813	-350	0/1
X	56954781	56955803	-1022	0/1
X	58281992	58282190	-198	0/1
X	71090906	71104811	-13905	0/1
X	83953758	83953981	-223	1/1
X	111707736	111708792	-1056	0/1
X	113755356	113755686	-330	0/1
X	138941978	138942286	-308	0/1
X	151057028	151058865	-1837	0/1
X	151439970	151440647	-677	1/1
Y	2749767	2749938	-171	1/1
Y	4081188	4081635	-447	1/1
Y	8620712	8620962	-250	1/1
Y	8764645	8766909	-2264	0/1
Y	13945842	19350306	-5404464	1/1
Y	14016222	14016546	-324	1/1
Y	17402653	17403197	-544	0/1
Y	18619951	18620144	-193	0/1
Y	19237198	19237763	-565	0/1
Y	21070057	21070515	-458	0/1
Y	22175083	22175510	-427	1/1
Y	24429665	24429910	-245	0/1
