2	20799328	1	62277589	1/1
2	20799328	1	62277895	1/1
2	186852350	1	216696486	0/1
2	186852741	1	216696487	0/1
3	57015801	1	46011079	0/1
3	57016218	1	46011181	0/1
3	145691352	2	121391982	1/1
3	145691353	2	121392417	1/1
3	184021107	1	240307608	0/1
3	185516259	2	208354266	0/1
3	185516262	2	208354842	0/1
4	6909616	3	13952898	1/1
4	6911693	3	13952898	1/1
4	28076087	2	54820142	1/1
4	28076973	2	54820145	1/1
4	35334013	1	7412665	1/1
4	35334014	1	7412996	1/1
4	35833954	2	58237188	0/1
4	35835868	2	58237190	0/1
4	41071095	2	65945826	1/1
4	41071096	2	65946412	1/1
5	8753408	2	75362165	1/1
5	8753409	2	75364225	1/1
5	44618161	4	48484863	1/1
5	45274024	4	20889555	0/1
5	45276006	4	20889556	0/1
5	55374545	4	145591943	0/1
5	55374545	4	145592486	0/1
5	97093651	3	97151520	0/1
5	97093652	3	97151918	0/1
5	116671705	4	161485965	1/1
5	116671706	4	161486360	1/1
5	151832202	3	190955849	1/1
5	151832202	3	190957031	1/1
6	684065	1	56519893	1/1
6	684653	1	56519894	1/1
6	19305937	1	30521100	0/1
6	19305938	1	30521679	0/1
6	30196947	4	24443636	0/1
6	30196949	4	24444509	0/1
6	31571625	2	142813019	0/1
6	31571626	4	28949057	0/1
6	31571626	4	45411499	0/1
6	31571626	3	115450259	0/1
6	31571626	3	125003631	0/1
6	31571626	3	131753038	0/1
6	31571626	3	150714576	0/1
6	31571626	2	178611421	0/1
6	31571626	1	248520696	0/1
6	31571916	3	115450168	0/1
6	31571916	3	131752869	0/1
6	31571916	1	248520585	0/1
6	31571917	4	28948967	0/1
6	31571917	3	125003486	0/1
6	31571917	2	178611292	0/1
6	31571918	4	45411352	0/1
6	31571918	2	142812907	0/1
6	31571918	3	150714440	0/1
6	36586707	5	71158838	0/1
6	36587478	5	71158837	0/1
6	51009572	4	21614178	0/1
6	51009573	4	21614635	0/1
6	80541022	5	123069970	1/1
6	80541022	5	123070343	1/1
6	107803971	3	146587546	0/1
6	107804048	3	146588092	0/1
6	108016787	3	96013986	0/1
6	123095150	4	127545935	0/1
6	123095151	4	127547502	0/1
6	126240439	5	53144382	1/1
6	126240441	5	53146072	1/1
6	140165378	2	219044286	0/1
6	158733278	3	162816802	1/1
6	158733278	3	162817193	1/1
7	32874216	6	57175364	0/1
7	32874217	6	57175786	0/1
7	38307945	1	40013160	0/1
7	38307946	1	40012574	0/1
7	39077660	5	31852701	0/1
7	39077752	5	31853213	0/1
7	66662341	5	87186508	0/1
7	66662342	5	87187437	0/1
7	76652088	1	158787954	0/1
7	83900206	4	141355975	0/1
7	83900208	4	141354840	0/1
7	88489228	5	156822607	0/1
7	96110681	5	171151851	1/1
7	96110682	5	171152295	1/1
7	96650506	5	134005384	0/1
7	96651355	5	134005386	0/1
8	1251407	7	2289995	0/0
8	4507846	7	37367410	0/1
8	4508420	7	37367411	0/1
8	4636955	3	9134824	1/1
8	4636956	3	9135245	1/1
8	14644859	4	32639881	0/1
8	14645357	4	32639882	0/1
8	21249740	7	31278750	1/1
8	21250166	7	31278748	1/1
8	23038448	3	57110549	1/1
8	23038450	3	57109773	1/1
8	26699929	3	10161862	0/1
8	26701210	3	10161864	0/1
8	32632334	3	33056586	1/1
8	32632335	3	33058447	1/1
8	35749006	4	13719466	1/1
8	35749318	4	13719468	1/1
8	37036652	3	54194603	1/1
8	37038106	3	54194604	1/1
8	56396306	7	73268202	0/1
8	56396307	7	73267125	0/1
8	57941065	6	159258510	0/1
8	57941574	6	159258612	0/1
8	59426621	4	81757556	1/1
8	59427218	4	81757555	1/1
8	61342473	6	73080480	0/1
8	61342474	6	73082435	0/1
8	67898261	1	150298515	0/1
8	67898368	1	150297264	0/1
8	72184328	1	200243155	1/1
8	72184913	1	200243155	1/1
8	77112580	4	114691345	0/1
8	77113094	4	114691346	0/1
8	78191193	6	130220703	0/1
8	97243033	5	159685582	0/1
8	97244288	5	159685469	0/0
8	104999736	1	183060809	1/1
8	104999737	1	183061526	1/1
8	106975153	4	174188223	0/1
8	106975570	4	174188359	0/1
8	119749405	4	138734535	0/1
8	119749912	4	138734635	0/1
8	132428585	3	133952456	0/1
8	132428586	3	133954186	0/1
8	135606589	6	31571916	0/1
8	135606749	6	31571626	0/1
9	7176262	1	43785146	0/1
9	7176673	1	43785149	0/1
9	13425711	7	24466999	0/1
9	25600603	7	41514658	0/1
9	25600604	7	41515942	0/1
9	27036784	6	31571916	0/1
9	27036855	6	31571626	0/1
9	37435663	3	17626197	0/1
9	37436036	3	17626198	0/1
9	43601259	2	17943810	1/1
9	75515578	3	188900897	0/1
9	75515778	3	188900591	0/1
9	81485774	1	160101183	1/1
9	81485774	1	160102171	1/1
9	83378732	2	167969266	1/1
9	83379324	2	167969269	1/1
9	96649414	4	53980092	0/1
9	96649414	4	53981040	1/1
9	108029758	1	198717473	1/1
9	108030584	1	198717475	1/1
9	109473241	6	101829115	1/1
9	109473778	6	101829118	1/1
9	124588898	4	85247948	0/1
9	124588899	4	85248358	0/1
9	133947953	4	97556342	0/1
9	133948490	4	97556342	0/1
9	139456208	7	125922940	0/1
9	139457909	7	125922943	0/1
10	1109559	7	24778680	0/1
10	1109633	7	24779244	0/1
10	11323867	3	24343484	1/1
10	11325089	3	24343485	1/1
10	12411206	7	46328873	0/1
10	12412022	7	46328874	0/1
10	13982992	7	14466993	0/1
10	14187843	8	9152491	0/1
10	14187918	8	9152983	0/1
10	18644560	4	26289348	0/0
10	18644634	4	26289850	0/1
10	21432216	2	3971230	0/1
10	21432462	2	3971367	0/1
10	27676745	1	72440667	1/1
10	27677939	1	72440669	1/1
10	27953261	6	31571916	0/1
10	27953402	6	31571624	0/1
10	37218655	1	112355873	0/1
10	37218656	1	112356524	0/1
10	37716173	7	3027051	1/1
10	37716574	7	3027052	1/1
10	89298793	7	138111788	1/1
10	89300143	7	138111789	1/1
10	90971411	5	155666022	0/1
10	90971412	5	155666433	0/1
10	105625541	3	118349648	1/1
10	105625543	3	118347790	1/1
10	116047205	4	125079715	0/1
10	116047206	4	125078263	0/1
10	128853754	1	173024158	1/1
10	128853755	1	173025699	1/1
10	131571819	8	131254149	1/1
10	131572211	8	131254150	1/1
11	19787347	4	46061815	0/1
11	19787348	4	46064134	0/1
11	20112652	10	5273880	0/1
11	20113975	10	5273881	0/1
11	28028802	4	2261703	1/1
11	28029373	4	2261705	1/1
11	41441439	9	33774140	1/1
11	41441440	9	33775730	1/1
11	46934630	1	93824543	0/1
11	46934631	1	93825725	0/1
11	50228933	6	31571916	0/1
11	50229095	6	31571626	0/1
11	51322639	3	30245940	0/1
11	51322640	3	30246288	0/1
11	66872507	10	50559744	1/1
11	66872783	10	50559831	1/1
11	88580714	1	159177171	1/1
11	88694847	10	75578374	0/1
11	112918309	5	134051129	0/1
11	112918394	5	134051609	0/1
11	118326602	9	79687912	0/1
11	118326603	9	79689474	0/1
12	1815491	9	2539369	0/1
12	1991662	1	97407169	1/1
12	2236439	5	39211295	1/1
12	2236440	5	39213530	1/1
12	3647693	8	15115637	0/1
12	3647693	8	15116815	0/1
12	11134902	8	15614923	0/1
12	11136169	8	15614922	0/1
12	11827419	5	41425481	0/1
12	11827422	5	41426017	0/1
12	14431007	11	25622191	0/1
12	14431008	11	25621659	0/1
12	14432641	3	32244681	0/1
12	18814256	10	28424203	0/1
12	18814824	10	28424204	0/1
12	21788276	5	133665074	0/1
12	21795062	5	133664992	0/1
12	21796993	5	133664837	0/1
12	25289386	11	45925065	1/1
12	25290658	11	45925066	1/1
12	42624661	6	31571917	0/1
12	42624730	6	31571625	0/1
12	49445258	6	31571916	0/1
12	49445401	6	31571626	0/1
12	63864166	8	137387240	0/1
12	63864358	8	137387599	0/1
12	64703449	9	133005513	0/1
12	64703450	9	133005917	0/1
12	70130782	9	80095081	1/1
12	70130783	9	80095549	1/1
12	71381844	9	83238392	1/1
12	71382334	9	83238394	1/1
12	73864995	3	136064150	0/1
12	73865062	3	136064415	0/1
12	86695086	6	80373985	0/1
12	86697258	6	80373986	0/1
12	89493283	6	31571916	0/1
12	89493414	6	31571624	0/1
12	92892950	2	130795229	1/1
12	93206481	7	95478238	1/1
12	93206481	7	95478526	1/1
12	107331612	11	74822533	0/1
12	107332177	11	74822599	0/1
12	116967096	3	141663270	0/1
12	117376449	3	170419255	0/1
12	117377735	3	170419256	0/1
12	118532289	4	83121726	0/1
12	118532822	4	83121794	0/1
12	129797243	8	117651114	1/1
12	129797247	8	117652771	1/1
12	131360918	8	127542367	0/1
12	131362778	8	127542368	0/1
13	34928045	6	167806838	0/1
13	34928568	6	167806840	0/1
13	48064210	2	168867078	1/1
13	48066231	2	168867079	1/1
13	48319613	10	56875123	0/1
13	48319686	10	56875629	0/1
13	75747635	11	75421453	1/1
13	75747828	11	75421740	1/1
13	82591501	11	93661850	0/1
13	82591502	11	93664256	0/1
13	89831265	8	110236317	0/1
13	89831265	8	110238592	0/1
13	93364892	8	93125811	0/1
13	93364946	8	93126372	0/1
13	94206469	6	92753728	1/1
13	94206472	6	92754081	1/1
13	98249160	5	133398092	0/1
13	98249469	5	133398133	0/1
13	98448418	6	31571916	0/1
13	98448573	6	31571626	0/1
13	109595661	6	103070627	0/1
14	23103379	10	113559438	0/1
14	24407496	3	174245880	0/1
14	24407497	3	174245535	0/1
14	25987316	12	107966960	0/1
14	25987317	12	107967519	0/1
14	26420015	11	13495273	0/1
14	26420371	11	13495426	0/1
14	48554484	2	170560296	0/1
14	51482424	6	81103127	0/1
14	51482976	6	81103128	0/1
14	58357548	4	138872682	1/1
14	58358108	4	138872683	1/1
14	67853108	7	109918351	0/1
14	67853235	7	109918787	0/1
14	68160638	9	124019575	1/1
14	68160641	9	124021868	1/1
14	70291748	1	223622602	0/1
14	71364121	13	32105300	0/1
14	71364777	13	32105301	0/1
14	71889848	4	90530283	0/1
14	71889849	4	90530862	0/1
14	72658322	6	71210362	0/1
14	72660785	6	71210363	0/1
14	72960900	8	120398851	1/1
14	72960900	8	120399225	1/1
15	37982970	12	87697008	1/1
15	37982971	12	87698757	1/1
15	38534175	4	87554032	0/1
15	38534176	4	87555332	0/1
15	41709302	7	106287336	0/1
15	41745097	7	106287490	0/1
15	41775762	7	106287488	0/1
15	63445542	3	168507164	0/1
15	63446132	3	168507166	0/1
15	67072857	7	83915441	0/1
15	67072860	7	83916148	0/1
15	75116148	11	72378014	0/1
15	75116198	11	72378585	0/1
15	77121753	1	174711582	1/1
15	77121754	1	174712205	1/1
15	100188057	9	99868800	0/1
15	100188058	9	99869059	0/1
16	1396348	10	21794306	0/1
16	1396500	10	21794571	0/1
16	15802658	7	97399513	0/1
16	15808766	7	97399388	0/1
16	15808889	7	97398977	0/1
16	24021175	8	96692460	0/1
16	24021176	8	96692459	0/1
16	24145212	2	69376110	1/1
16	24145213	2	69376521	1/1
16	25850342	9	33690910	0/1
16	25850786	9	33690911	0/1
16	26288713	5	37535836	0/1
16	26289452	5	37535837	0/1
16	27069288	11	43946041	0/1
16	27069360	11	43946593	0/1
16	33554126	8	19555557	0/1
16	33683907	12	32681274	1/1
16	33978700	7	30260424	1/1
16	47409044	5	103125412	0/1
16	48089366	8	106939561	0/1
16	48089788	8	106939562	0/1
16	57962875	1	43825503	0/1
16	57962877	1	39933310	0/1
16	71361046	10	83939378	1/1
16	71361047	10	83940131	1/1
16	73114121	10	121987333	1/1
16	73114710	10	121987334	1/1
16	73261378	6	31571916	0/1
16	73261488	6	31571626	0/1
16	74905990	6	31571917	0/1
16	74906126	6	31571626	0/1
16	75821760	9	76700742	1/1
16	75822064	9	76700744	1/1
16	78998854	14	82244404	1/1
16	78999570	14	82244406	1/1
16	80269762	1	236486321	1/1
16	80269763	1	236486969	1/1
16	80431515	12	118498868	0/1
16	80432061	12	118498868	0/1
16	83355319	9	93827624	1/1
16	83355319	9	93829310	1/1
16	83442679	3	114826432	0/1
16	83443045	3	114826433	0/1
16	84017787	2	111488628	1/1
16	84017788	2	111490911	1/1
16	87902232	12	74723574	1/1
16	87903263	12	74723574	1/1
16	88186844	12	120006525	0/1
16	88186974	12	120006959	0/1
16	89817764	11	74898132	1/1
16	89819983	11	74898129	1/1
17	807431	11	5563817	1/1
17	807433	11	5565719	1/1
17	1259467	1	110830360	1/1
17	1259918	1	110830478	1/1
17	1574813	5	34934646	1/1
17	3583697	2	9122141	0/1
17	3584244	2	9122143	0/1
17	5013237	8	15445916	1/1
17	5015079	8	15445918	1/1
17	6186550	1	36472337	1/1
17	6188988	1	36472339	1/1
17	6401246	7	20785615	1/1
17	6402395	7	20785616	1/1
17	7467278	1	44004711	0/1
17	7467440	1	44005097	0/1
17	8238708	9	36378162	0/1
17	8238709	9	36380499	0/1
17	11702516	8	37328951	0/1
17	11702517	8	37329523	0/1
17	12274804	3	82743339	1/1
17	12274926	3	82743776	1/1
17	13975256	4	35038339	0/1
17	13975258	4	35040417	0/1
17	15960000	6	31571919	0/1
17	15960126	6	31571625	0/1
17	16851113	9	27320487	0/1
17	16851114	9	27322308	0/1
17	28007516	9	95375152	1/1
17	28009463	9	95375155	1/1
17	30999771	11	134038896	0/1
17	31000119	11	134038897	0/1
17	36821304	6	113837816	0/1
17	36821882	6	113837817	0/1
17	39775692	11	127262293	0/1
17	39776911	11	127262293	0/1
17	39780882	11	127262292	0/1
17	40495751	1	150583003	0/1
17	40496301	1	150583003	0/1
17	41482742	6	31571916	0/1
17	41482860	6	31571626	0/1
17	49363859	16	82451690	0/1
17	49363859	16	82452120	0/1
17	57134312	11	88819259	1/1
17	57134705	11	88819423	1/1
17	58340999	8	142368048	0/1
17	58343386	8	142368047	0/1
17	62670877	3	169333093	0/1
17	62671485	3	169333095	0/1
17	63792096	9	135110412	0/1
17	63792487	9	135110554	0/1
17	63920824	13	49267491	1/1
17	63921040	13	49267714	1/1
17	67025844	3	154621530	1/1
17	67027598	3	154621531	1/1
17	68242803	4	64449313	0/1
17	68243354	4	64449388	0/1
17	72205485	1	234724522	0/1
17	72205971	1	234724632	0/1
17	73382780	3	56709095	0/0
17	76824184	4	91859327	0/1
17	76824689	4	91859446	0/1
17	77861065	11	62085886	1/1
17	77861067	11	62088058	1/1
18	1440885	3	20037489	0/1
18	1440997	3	20037940	0/1
18	7301417	8	16974491	1/1
18	7302050	8	16974492	1/1
18	9953590	6	20798870	1/1
18	9953591	6	20799999	1/1
18	14393663	7	20983026	0/1
18	14737093	3	33287999	0/1
18	14737094	3	33289814	0/1
18	14769064	11	49887465	1/1
18	14769065	11	49887125	1/1
18	22492812	17	78483674	0/1
18	22492813	17	78483226	0/1
18	26403488	9	88045700	1/1
18	26403663	9	88046002	1/1
18	27466956	16	72655174	1/1
18	27467172	16	72655417	1/1
18	29386999	16	67984376	0/1
18	38726569	1	154571536	0/1
18	38727248	1	154571537	0/1
18	40240852	9	136034231	0/1
18	40241351	9	136034232	0/1
18	48605656	15	100045876	0/1
18	48605657	15	100046960	0/1
18	50658577	3	166672294	0/1
18	50658578	3	166674375	0/1
18	53081284	10	80987943	1/1
18	53083763	10	80987944	1/1
18	54306339	15	27303233	0/1
18	54306341	15	27304763	0/1
18	54941322	3	170163580	1/1
18	54941323	3	170164004	1/1
18	70655024	13	30470729	0/0
18	71160772	7	144877560	0/1
18	71160773	7	144879775	0/1
18	71666881	14	70468978	1/1
18	71666883	14	70469480	1/1
18	72057254	11	64888449	0/1
18	72057521	11	64889253	0/1
18	76053625	16	83700905	1/1
18	76053876	16	83701083	1/1
18	76389849	1	162094740	1/1
18	76389850	1	162095252	1/1
18	76721384	14	20323379	0/1
19	1564263	8	9129384	0/1
19	1564654	8	9129556	0/1
19	2122832	16	23997525	0/1
19	3829110	12	1333046	1/1
19	3829444	12	1333047	1/1
19	3989952	18	9962005	1/1
19	4061198	10	748763	0/1
19	4061669	10	748764	0/1
19	4650594	11	47197480	1/1
19	4650595	11	47198030	1/1
19	4822892	6	31571917	0/1
19	4822996	6	31571624	0/1
19	5679924	17	862418	0/1
19	5698899	12	15586559	0/1
19	5698960	12	15587127	0/1
19	11239309	1	18222434	1/1
19	11239310	1	18222751	1/1
19	14029472	16	20446459	0/1
19	14029473	16	20447264	0/1
19	14663940	16	7184843	1/1
19	14663941	16	7185692	1/1
19	17306283	4	36038288	0/1
19	19317385	8	13580541	0/1
19	19317386	8	13581679	0/1
19	21062229	3	26586128	1/1
19	21062609	3	26586127	1/1
19	21797462	9	17241666	0/1
19	23163250	1	60706456	0/1
19	23163251	1	60707456	0/1
19	23876685	6	36509098	0/1
19	23877185	6	36509099	0/1
19	24314149	8	2489248	0/1
19	24315992	8	2489248	0/1
19	31032836	2	115526129	1/1
19	31033260	2	115526130	1/1
19	31916601	18	30039076	1/1
19	31917046	18	30039077	1/1
19	31985186	14	24313632	1/1
19	31985188	14	24314261	1/1
19	32167304	6	110512002	0/1
19	32167305	6	110513766	0/1
19	32968632	18	29587752	0/1
19	32968706	18	29588286	0/1
19	34100294	18	57229176	0/1
19	34100804	18	57229250	0/1
19	37702877	6	74986507	0/1
19	37703486	6	74986505	0/1
19	43198532	2	143199816	0/1
19	43630729	11	87408601	0/1
19	43630730	11	87410840	0/1
19	46727844	15	28151820	1/1
19	46728270	15	28151821	1/1
19	48551598	5	120817327	0/1
19	48551599	5	120819632	0/1
19	49142930	12	41701098	0/1
19	49143019	12	41701613	0/1
19	53659533	15	101778822	1/1
19	53659896	15	101778995	1/1
19	54288325	18	34013648	1/1
19	54290431	18	34013649	1/1
19	55728985	7	73007378	0/1
19	58193691	18	65145311	0/1
19	58193692	18	65145795	0/1
20	3011993	19	13523393	0/1
20	3012467	19	13523475	0/1
20	5290653	7	22715329	1/1
20	5291056	7	22715330	1/1
20	7248201	4	5568387	0/1
20	7248758	4	5568462	0/1
20	14803634	17	12718693	0/1
20	14803635	17	12719092	0/1
20	17026982	4	7524948	0/1
20	17026982	4	7527050	0/1
20	17120579	14	40565554	0/0
20	18211068	6	31571917	0/1
20	18211191	6	31571625	0/1
20	18989560	16	9972828	0/1
20	18989561	16	9975266	0/1
20	22228758	12	29598660	0/1
20	23232036	6	28679188	1/1
20	23234224	6	28679188	1/1
20	23253058	10	18691971	0/1
20	23253059	10	18693000	0/1
20	31071413	5	57434258	1/1
20	31071414	5	57435136	1/1
20	31117184	14	42246788	0/1
20	31117263	14	42247295	0/1
20	33915949	7	131338053	0/1
20	33917039	7	131338054	0/1
20	34634361	18	59074186	0/1
20	34636354	18	59074186	0/1
20	41921459	5	135733909	1/1
20	41921857	5	135734064	1/1
20	42396199	19	51845607	0/1
20	42396254	19	51846154	0/1
20	44217680	9	105805489	1/1
20	44218564	9	105805491	1/1
20	47980647	8	85742855	1/1
20	47980648	8	85743988	1/1
20	48008400	5	53203276	0/1
20	48008879	5	53203278	0/1
20	48268382	8	94866159	0/1
20	48268617	8	94866409	0/1
20	48571176	3	102059617	0/1
20	48571730	3	102059688	0/1
20	48584713	3	122005434	1/1
20	48585554	3	122005434	1/1
20	52611689	7	90150261	0/1
20	52611690	7	90150500	0/1
20	52634360	1	196899729	0/1
20	53454783	15	39400373	0/1
20	53456677	15	39400374	0/1
20	55690756	13	58123738	0/1
20	55693022	13	58123738	0/1
20	58340534	2	168837937	0/1
20	60616723	2	106785169	1/1
20	60617282	2	106785170	1/1
20	61297978	15	45989665	0/1
20	61298065	15	45990184	0/1
20	62473146	10	57701033	0/1
20	62473592	10	57701211	0/1
21	15692410	4	83112807	1/1
21	15692909	4	83112808	1/1
21	20104715	2	117092367	0/1
21	20107191	2	117092370	0/1
21	22978047	20	35868921	1/1
21	22978440	20	35869073	1/1
21	23564097	17	66581109	0/1
21	23564664	17	66581160	0/1
21	24130377	11	109570860	0/1
21	24130378	11	109538308	0/1
21	29345583	6	78801200	0/0
21	30068644	9	101385625	0/1
21	30069468	9	101385627	0/1
21	39266369	20	38458205	1/1
21	39266809	20	38458206	1/1
21	40182255	6	71891035	0/1
21	40182256	6	71892395	0/1
21	43166940	8	92998934	0/1
21	43167689	8	92998935	0/1
21	43519741	6	106235070	0/1
21	43519851	6	106235507	0/1
21	45486329	6	138495892	1/1
21	45488239	6	138495893	1/1
22	21167377	12	104562770	0/1
22	21167936	12	104562845	0/1
22	22130214	1	221724858	1/1
22	22130314	1	221725078	1/1
22	22145505	21	22861753	0/1
22	22145508	21	22863024	0/1
22	22715688	9	35884752	0/1
22	22716539	9	35884751	0/1
22	23798609	20	13945772	0/1
22	29198890	13	19361307	1/1
22	29259688	1	220863123	0/1
22	29260778	1	220863124	0/1
22	30940742	21	39321559	0/1
22	30940744	21	39321944	0/1
22	32954826	10	61334672	0/1
22	32954829	10	61332286	0/1
22	33366701	16	72731142	0/1
22	35127370	20	47719794	0/1
22	35127371	20	47720290	0/1
22	36470744	1	60228313	0/1
22	36471276	1	60228403	0/1
22	36791336	19	50784937	0/1
22	36791336	19	50785272	0/1
22	37205446	12	52369712	0/1
22	37205710	12	52369933	0/1
22	38300561	10	113565112	0/1
22	40055640	4	175185509	0/1
22	40055641	4	175186625	0/1
22	42139818	11	114956332	1/1
22	42141766	11	114956332	1/1
22	45494162	19	35832506	0/1
22	45494163	19	35833523	0/1
22	47581086	12	38786580	1/1
22	47581087	12	38786929	1/1
22	47908346	9	113234870	1/1
22	47908347	9	113236937	1/1
X	1446197	6	45299368	0/1
X	1446776	6	45299370	0/1
X	1468160	4	31736811	0/1
X	1468438	4	31736848	0/1
X	1761307	11	16302580	0/1
X	1761309	11	16302909	0/1
X	1912447	17	8733797	0/1
X	1912448	17	8734210	0/1
X	2516980	7	9654896	0/1
X	2517447	7	9654895	0/1
X	16378068	4	176915158	0/1
X	16378069	4	176915604	0/1
X	16717916	20	19905984	0/1
X	16717918	20	19906291	0/1
X	19210108	8	37705344	1/1
X	19211897	8	37705345	1/1
X	20705135	3	14553105	0/1
X	20705408	3	14553256	0/1
X	20896457	9	21482754	1/1
X	20897004	9	21482754	1/1
X	21153788	17	19287108	0/1
X	21154115	17	19287108	0/1
X	22790665	18	3159652	1/1
X	22790953	18	3159800	1/1
X	30013486	7	73007271	0/0
X	30999818	3	13919237	0/1
X	31002276	3	13919267	0/1
X	40062692	11	913794	0/1
X	40062764	11	914365	0/1
X	40614994	6	52404823	0/1
X	40615542	6	52404895	0/1
X	43814180	3	40800448	1/1
X	45592226	18	10163183	0/1
X	45592711	18	10163183	0/1
X	45778289	4	18095368	0/1
X	45778630	4	18095576	0/1
X	55329606	9	22118490	0/1
X	55947832	20	11086193	1/1
X	55948173	20	11086361	1/1
X	56954781	18	4514334	0/1
X	56955804	18	4514335	0/1
X	64741832	3	108591618	0/1
X	64742278	3	108591742	0/1
X	75555363	12	21788459	0/0
X	83953759	11	64533768	1/1
X	83953983	11	64534013	1/1
X	84104580	17	61334335	1/1
X	84104581	17	61336416	1/1
X	88020000	21	14796732	1/1
X	88020002	21	14796989	1/1
X	92479005	17	33954702	0/1
X	95842264	2	234757776	1/1
X	95842265	2	234756598	1/1
X	104520092	13	30470719	0/1
X	106595136	9	33037321	0/1
X	111707731	15	44964112	0/1
X	111708791	15	44964113	0/1
X	113755356	18	31934620	0/1
X	124107240	10	53460582	0/1
X	124109007	10	53460587	0/1
X	125850646	21	47446316	0/1
X	125850647	21	47446717	0/1
X	125900355	20	22701400	0/1
X	131665633	22	41967897	0/1
X	131665724	22	41968390	0/1
X	135893391	21	31169396	0/1
X	135893990	21	31169396	0/1
X	141757365	20	22701401	0/1
X	144016258	4	115525493	0/1
X	144016258	4	115525916	0/1
X	144652986	11	118327083	0/1
X	144653564	11	118327083	0/1
X	151057026	6	111854546	0/1
X	151058864	6	111854548	0/1
X	151439971	4	184377830	1/1
X	151440647	4	184377832	1/1
Y	2649521	X	2699520	0/1
Y	2749769	X	34281451	1/1
Y	2749943	X	34281813	1/1
Y	3002604	X	24665883	1/1
Y	4081190	1	30443894	1/1
Y	4081635	1	30443895	1/1
Y	4602699	3	52736991	1/1
Y	4906475	18	5238460	0/1
Y	4908273	18	5238480	0/1
Y	5272327	7	31653528	0/1
Y	5327474	6	31571624	0/1
Y	5740083	2	32282817	0/1
Y	5873893	6	47283677	1/1
Y	6103853	18	6704355	1/1
Y	7811221	20	7527618	1/1
Y	7811223	20	7527164	1/1
Y	8570095	8	40101851	0/1
Y	8570609	8	40101919	0/1
Y	8575834	19	8450548	0/1
Y	8576329	19	8450659	0/1
Y	8764647	X	425954	0/1
Y	8766908	X	425954	0/1
Y	8875364	17	14349602	1/1
Y	8875365	17	14349953	1/1
Y	14016223	17	27467489	1/1
Y	14016546	17	27467490	1/1
Y	16714725	7	139415955	0/1
Y	16715270	7	139416033	0/1
Y	17402653	10	45765006	0/1
Y	17403196	10	45765007	0/1
Y	17519437	13	30470723	0/0
Y	18619951	18	65233101	0/1
Y	18620147	18	65233471	0/1
Y	18829659	15	63389111	0/1
Y	19237200	2	188208289	0/1
Y	19237763	2	188208289	0/1
Y	21070058	21	34609221	0/1
Y	21070516	21	34609222	0/1
Y	21193748	10	74681359	1/1
Y	21193749	10	74683640	1/1
Y	21318736	15	52484514	0/1
Y	21318738	15	52484766	0/1
Y	22175083	5	135430269	1/1
Y	22175512	5	135430272	1/1
Y	22754031	1	241664447	1/1
Y	22754032	1	241666389	1/1
Y	23117541	16	83889120	1/1
Y	23117861	16	83889301	1/1
