1	62277522	2	20799297	1/1
2	20799297	1	62277522	1/1
1	62277897	2	20799328	1/1
2	20799328	1	62277897	1/1
1	216696486	2	186852350	0/1
2	186852350	1	216696486	0/1
1	216696487	2	186852741	0/1
2	186852741	1	216696487	0/1
1	7412665	4	35334013	1/1
4	35334013	1	7412665	1/1
1	7412996	4	35334014	1/1
4	35334014	1	7412996	1/1
1	79671086	5	20426444	0/1
5	20426444	1	79671086	0/1
1	248520634	6	31571915	0/1
6	31571915	1	248520634	0/1
1	56519893	6	684065	1/1
6	684065	1	56519893	1/1
1	56519894	6	684653	1/1
6	684653	1	56519894	1/1
1	30521100	6	19305938	0/1
6	19305938	1	30521100	0/1
1	30521681	6	19305938	0/1
6	19305938	1	30521681	0/1
1	248520635	6	31571626	0/1
6	31571626	1	248520635	0/1
1	40012574	7	38307946	0/1
7	38307946	1	40012574	0/1
1	40013162	7	38307945	0/1
7	38307945	1	40013162	0/1
1	158787931	7	76651873	0/1
7	76651873	1	158787931	0/1
1	150298264	8	67897962	0/1
8	67897962	1	150298264	0/1
1	200243156	8	72184328	1/1
8	72184328	1	200243156	1/1
1	200243155	8	72184915	1/1
8	72184915	1	200243155	1/1
1	183060809	8	104999736	1/1
8	104999736	1	183060809	1/1
1	183061528	8	104999737	1/1
8	104999737	1	183061528	1/1
1	43785148	9	7176262	0/1
9	7176262	1	43785148	0/1
1	43785149	9	7176673	0/1
9	7176673	1	43785149	0/1
1	160101183	9	81485774	1/1
9	81485774	1	160101183	1/1
1	160102172	9	81485774	1/1
9	81485774	1	160102172	1/1
1	198717474	9	108029758	1/1
9	108029758	1	198717474	1/1
1	198717475	9	108030584	1/1
9	108030584	1	198717475	1/1
1	72440668	10	27676745	1/1
10	27676745	1	72440668	1/1
1	72440669	10	27677939	1/1
10	27677939	1	72440669	1/1
1	112355873	10	37218655	0/1
10	37218655	1	112355873	0/1
1	112356524	10	37218656	0/1
10	37218656	1	112356524	0/1
1	173024158	10	128853754	1/1
10	128853754	1	173024158	1/1
1	173025699	10	128853755	1/1
10	128853755	1	173025699	1/1
1	93824543	11	46934632	0/1
11	46934632	1	93824543	0/1
1	93825725	11	46934631	0/1
11	46934631	1	93825725	0/1
1	159177030	11	88580518	1/1
11	88580518	1	159177030	1/1
1	159177029	11	88580713	1/1
11	88580713	1	159177029	1/1
1	223622494	14	70291746	0/1
14	70291746	1	223622494	0/1
1	174711582	15	77121752	1/1
15	77121752	1	174711582	1/1
1	174712208	15	77121754	1/1
15	77121754	1	174712208	1/1
1	39933310	16	57962876	0/1
16	57962876	1	39933310	0/1
1	43825503	16	57962876	0/1
16	57962876	1	43825503	0/1
1	167588488	16	70953294	0/1
16	70953294	1	167588488	0/1
1	236486321	16	80269763	1/1
16	80269763	1	236486321	1/1
1	236486970	16	80269763	1/1
16	80269763	1	236486970	1/1
1	36472338	17	6186550	1/1
17	6186550	1	36472338	1/1
1	36472339	17	6188988	1/1
17	6188988	1	36472339	1/1
1	110830362	17	1259693	0/1
17	1259693	1	110830362	0/1
1	110830477	17	1259694	0/1
17	1259694	1	110830477	0/1
1	44004898	17	7467278	0/1
17	7467278	1	44004898	0/1
1	44004899	17	7467439	0/1
17	7467439	1	44004899	0/1
1	150583003	17	40495751	0/1
17	40495751	1	150583003	0/1
1	150583002	17	40496301	0/1
17	40496301	1	150583002	0/1
1	234724522	17	72205734	0/1
17	72205734	1	234724522	0/1
1	234724631	17	72205735	0/1
17	72205735	1	234724631	0/1
1	154571536	18	38726569	0/1
18	38726569	1	154571536	0/1
1	154571537	18	38727248	0/1
18	38727248	1	154571537	0/1
1	162094740	18	76389849	1/1
18	76389849	1	162094740	1/1
1	162095252	18	76389850	1/1
18	76389850	1	162095252	1/1
1	18222434	19	11239309	1/1
19	11239309	1	18222434	1/1
1	18222751	19	11239310	1/1
19	11239310	1	18222751	1/1
1	60706449	19	23163246	0/1
19	23163246	1	60706449	0/1
1	60707459	19	23163251	0/1
19	23163251	1	60707459	0/1
1	196899727	20	52634231	0/1
20	52634231	1	196899727	0/1
1	196899732	20	52635882	0/1
20	52635882	1	196899732	0/1
1	60228402	22	36471006	0/1
22	36471006	1	60228402	0/1
1	221724706	22	22130095	0/1
22	22130095	1	221724706	0/1
1	221725077	22	22130215	1/1
22	22130215	1	221725077	1/1
1	220863123	22	29259688	0/1
22	29259688	1	220863123	0/1
1	220863124	22	29260778	0/1
22	29260778	1	220863124	0/1
1	30443894	Y	4081190	1/1
Y	4081190	1	30443894	1/1
1	30443895	Y	4081636	1/1
Y	4081636	1	30443895	1/1
1	241664447	Y	22754033	1/1
Y	22754033	1	241664447	1/1
1	241666389	Y	22754032	1/1
Y	22754032	1	241666389	1/1
2	208354841	3	185516261	0/1
3	185516261	2	208354841	0/1
2	223975396	3	73270270	0/1
3	73270270	2	223975396	0/1
2	121391982	3	145691352	1/1
3	145691352	2	121391982	1/1
2	121392417	3	145691353	1/1
3	145691353	2	121392417	1/1
2	208354266	3	185516264	0/1
3	185516264	2	208354266	0/1
2	54820144	4	28076087	1/1
4	28076087	2	54820144	1/1
2	54820145	4	28076973	1/1
4	28076973	2	54820145	1/1
2	58237188	4	35833997	0/1
4	35833997	2	58237188	0/1
2	58237190	4	35835867	0/1
4	35835867	2	58237190	0/1
2	65945815	4	41071066	1/1
4	41071066	2	65945815	1/1
2	65946412	4	41071096	1/1
4	41071096	2	65946412	1/1
2	75362165	5	8753408	1/1
5	8753408	2	75362165	1/1
2	75364226	5	8753409	1/1
5	8753409	2	75364226	1/1
2	142812966	6	31571916	0/1
6	31571916	2	142812966	0/1
2	178611352	6	31571916	0/1
6	31571916	2	178611352	0/1
2	142812964	6	31571625	0/1
6	31571625	2	142812964	0/1
2	178611352	6	31571626	0/1
6	31571626	2	178611352	0/1
2	219044085	6	140165376	0/1
6	140165376	2	219044085	0/1
2	17943554	9	43601257	0/1
9	43601257	2	17943554	0/1
2	17945645	9	43601561	1/1
9	43601561	2	17945645	1/1
2	167969267	9	83378732	1/1
9	83378732	2	167969267	1/1
2	167969269	9	83379323	1/1
9	83379323	2	167969269	1/1
2	3971228	10	21432073	0/1
10	21432073	2	3971228	0/1
2	3971366	10	21432462	0/1
10	21432462	2	3971366	0/1
2	130795215	12	92891127	1/1
12	92891127	2	130795215	1/1
2	130795248	12	92892950	1/1
12	92892950	2	130795248	1/1
2	168867078	13	48064210	1/1
13	48064210	2	168867078	1/1
2	168867079	13	48066231	1/1
13	48066231	2	168867079	1/1
2	69376110	16	24145212	1/1
16	24145212	2	69376110	1/1
2	69376521	16	24145213	1/1
16	24145213	2	69376521	1/1
2	111488628	16	84017786	1/1
16	84017786	2	111488628	1/1
2	111490910	16	84017788	1/1
16	84017788	2	111490910	1/1
2	9122142	17	3583697	0/1
17	3583697	2	9122142	0/1
2	9122094	17	3584206	0/1
17	3584206	2	9122094	0/1
2	115526129	19	31032836	1/1
19	31032836	2	115526129	1/1
2	115526130	19	31033261	1/1
19	31033261	2	115526130	1/1
2	143199717	19	43198289	0/1
19	43198289	2	143199717	0/1
2	143199815	19	43198290	0/1
19	43198290	2	143199815	0/1
2	106785169	20	60616723	1/1
20	60616723	2	106785169	1/1
2	106785170	20	60617282	1/1
20	60617282	2	106785170	1/1
2	168837938	20	58340817	0/1
20	58340817	2	168837938	0/1
2	165369314	20	58797459	1/1
20	58797459	2	165369314	1/1
2	165369314	20	58797494	0/1
20	58797494	2	165369314	0/1
2	46048012	21	10428750	0/1
21	10428750	2	46048012	0/1
2	46048041	21	10429130	0/1
21	10429130	2	46048041	0/1
2	117092370	21	20104715	0/1
21	20104715	2	117092370	0/1
2	117092370	21	20107191	0/1
21	20107191	2	117092370	0/1
2	234756457	X	95842263	0/1
X	95842263	2	234756457	0/1
2	234757738	X	95842183	0/1
X	95842183	2	234757738	0/1
2	32282817	Y	5740083	0/1
Y	5740083	2	32282817	0/1
2	188208289	Y	19237200	0/1
Y	19237200	2	188208289	0/1
2	188208289	Y	19237764	0/1
Y	19237764	2	188208289	0/1
2	194914788	hs37d5	12542498	0/1
hs37d5	12542498	2	194914788	0/1
3	13952899	4	6909616	1/1
4	6909616	3	13952899	1/1
3	13952898	4	6911694	1/1
4	6911694	3	13952898	1/1
3	97151520	5	97093652	0/1
5	97093652	3	97151520	0/1
3	97151919	5	97093652	0/1
5	97093652	3	97151919	0/1
3	190955849	5	151832202	1/1
5	151832202	3	190955849	1/1
3	190957033	5	151832202	1/1
5	151832202	3	190957033	1/1
3	115450166	6	31571914	0/1
6	31571914	3	115450166	0/1
3	125003554	6	31571916	0/1
6	31571916	3	125003554	0/1
3	131752966	6	31571915	0/1
6	31571915	3	131752966	0/1
3	150714515	6	31571917	0/1
6	31571917	3	150714515	0/1
3	115450217	6	31571626	0/1
6	31571626	3	115450217	0/1
3	125003554	6	31571626	0/1
6	31571626	3	125003554	0/1
3	131752967	6	31571626	0/1
6	31571626	3	131752967	0/1
3	150714513	6	31571626	0/1
6	31571626	3	150714513	0/1
3	146587825	6	107804047	0/1
6	107804047	3	146587825	0/1
3	162816802	6	158733279	1/1
6	158733279	3	162816802	1/1
3	162817194	6	158733278	1/1
6	158733278	3	162817194	1/1
3	9135245	8	4636956	1/1
8	4636956	3	9135245	1/1
3	9134824	8	4636955	1/1
8	4636955	3	9134824	1/1
3	10161819	8	26699879	0/1
8	26699879	3	10161819	0/1
3	10161864	8	26701210	0/1
8	26701210	3	10161864	0/1
3	57109773	8	23038451	1/1
8	23038451	3	57109773	1/1
3	57110552	8	23038448	1/1
8	23038448	3	57110552	1/1
3	33056586	8	32632334	1/1
8	32632334	3	33056586	1/1
3	33058447	8	32632335	1/1
8	32632335	3	33058447	1/1
3	54194603	8	37036652	1/1
8	37036652	3	54194603	1/1
3	54194604	8	37038106	1/1
8	37038106	3	54194604	1/1
3	133952456	8	132428585	0/1
8	132428585	3	133952456	0/1
3	133954186	8	132428586	0/1
8	132428586	3	133954186	0/1
3	17626199	9	37435663	0/1
9	37435663	3	17626199	0/1
3	17626197	9	37436035	0/1
9	37436035	3	17626197	0/1
3	188900758	9	75515777	0/1
9	75515777	3	188900758	0/1
3	188900758	9	75515578	0/1
9	75515578	3	188900758	0/1
3	24343484	10	11323867	1/1
10	11323867	3	24343484	1/1
3	24343485	10	11325089	1/1
10	11325089	3	24343485	1/1
3	89218762	10	22602183	0/1
10	22602183	3	89218762	0/1
3	89218793	10	22602182	1/1
10	22602182	3	89218793	1/1
3	118347790	10	105625541	1/1
10	105625541	3	118347790	1/1
3	118349647	10	105625541	1/1
10	105625541	3	118349647	1/1
3	30245940	11	51322639	0/1
11	51322639	3	30245940	0/1
3	30246288	11	51322640	0/1
11	51322640	3	30246288	0/1
3	32244420	12	14432640	0/1
12	14432640	3	32244420	0/1
3	5281217	12	17470158	0/1
12	17470158	3	5281217	0/1
3	5281258	12	17470174	0/1
12	17470174	3	5281258	0/1
3	136064151	12	73865061	0/1
12	73865061	3	136064151	0/1
3	136064415	12	73865062	0/1
12	73865062	3	136064415	0/1
3	170419255	12	117376449	0/1
12	117376449	3	170419255	0/1
3	170419256	12	117377735	0/1
12	117377735	3	170419256	0/1
3	174245535	14	24407497	0/1
14	24407497	3	174245535	0/1
3	174245882	14	24407496	0/1
14	24407496	3	174245882	0/1
3	168507166	15	63446132	0/1
15	63446132	3	168507166	0/1
3	168507164	15	63445539	0/1
15	63445539	3	168507164	0/1
3	114826432	16	83442679	0/1
16	83442679	3	114826432	0/1
3	114826433	16	83443045	0/1
16	83443045	3	114826433	0/1
3	82743561	17	12274804	0/1
17	12274804	3	82743561	0/1
3	82743560	17	12274921	1/1
17	12274921	3	82743560	1/1
3	169333095	17	62670877	0/1
17	62670877	3	169333095	0/1
3	169333095	17	62671485	0/1
17	62671485	3	169333095	0/1
3	154621530	17	67025844	1/1
17	67025844	3	154621530	1/1
3	154621531	17	67027598	1/1
17	67027598	3	154621531	1/1
3	20037716	18	1440885	0/1
18	1440885	3	20037716	0/1
3	20037717	18	1440996	0/1
18	1440996	3	20037717	0/1
3	33287999	18	14737092	0/1
18	14737092	3	33287999	0/1
3	33289814	18	14737094	0/1
18	14737094	3	33289814	0/1
3	166672294	18	50658578	0/1
18	50658578	3	166672294	0/1
3	166674375	18	50658578	0/1
18	50658578	3	166674375	0/1
3	170163580	18	54941322	1/1
18	54941322	3	170163580	1/1
3	170164004	18	54941323	1/1
18	54941323	3	170164004	1/1
3	26586128	19	21062229	1/1
19	21062229	3	26586128	1/1
3	26586127	19	21062611	1/1
19	21062611	3	26586127	1/1
3	102059618	20	48571427	0/1
20	48571427	3	102059618	0/1
3	122005434	20	48584713	1/1
20	48584713	3	122005434	1/1
3	122005434	20	48585555	1/1
20	48585555	3	122005434	1/1
3	118246844	21	44269252	0/1
21	44269252	3	118246844	0/1
3	14553163	X	20705135	0/1
X	20705135	3	14553163	0/1
3	14553164	X	20705407	0/1
X	20705407	3	14553164	0/1
3	13919238	X	30999818	0/1
X	30999818	3	13919238	0/1
3	13919267	X	31002276	0/1
X	31002276	3	13919267	0/1
3	40800364	X	43813724	0/1
X	43813724	3	40800364	0/1
3	108591618	X	64742056	0/1
X	64742056	3	108591618	0/1
3	108591741	X	64742056	0/1
X	64742056	3	108591741	0/1
3	52736988	Y	4602562	1/1
Y	4602562	3	52736988	1/1
4	48484799	5	44618100	0/1
5	44618100	4	48484799	0/1
4	20889555	5	45274024	0/1
5	45274024	4	20889555	0/1
4	20889556	5	45276006	0/1
5	45276006	4	20889556	0/1
4	145591943	5	55374545	0/1
5	55374545	4	145591943	0/1
4	145592487	5	55374545	0/1
5	55374545	4	145592487	0/1
4	161485965	5	116671706	1/1
5	116671706	4	161485965	1/1
4	161486361	5	116671706	1/1
5	116671706	4	161486361	1/1
4	28949009	6	31571916	0/1
6	31571916	4	28949009	0/1
4	45411449	6	31571917	0/1
6	31571917	4	45411449	0/1
4	24443636	6	30196950	0/1
6	30196950	4	24443636	0/1
4	24444509	6	30196949	0/1
6	30196949	4	24444509	0/1
4	28949009	6	31571626	0/1
6	31571626	4	28949009	0/1
4	45411446	6	31571626	0/1
6	31571626	4	45411446	0/1
4	21614178	6	51009572	0/1
6	51009572	4	21614178	0/1
4	21614635	6	51009573	0/1
6	51009573	4	21614635	0/1
4	127545935	6	123095150	0/1
6	123095150	4	127545935	0/1
4	127547502	6	123095151	0/1
6	123095151	4	127547502	0/1
4	141354833	7	83900208	0/1
7	83900208	4	141354833	0/1
4	141355979	7	83900206	0/1
7	83900206	4	141355979	0/1
4	32639881	8	14644859	0/1
8	14644859	4	32639881	0/1
4	32639882	8	14645357	0/1
8	14645357	4	32639882	0/1
4	13719467	8	35749006	1/1
8	35749006	4	13719467	1/1
4	13719468	8	35749318	1/1
8	35749318	4	13719468	1/1
4	81757557	8	59426621	1/1
8	59426621	4	81757557	1/1
4	81757555	8	59427221	1/1
8	59427221	4	81757555	1/1
4	114691345	8	77112580	0/1
8	77112580	4	114691345	0/1
4	114691346	8	77113094	0/1
8	77113094	4	114691346	0/1
4	174188226	8	106975362	0/1
8	106975362	4	174188226	0/1
4	174188358	8	106975362	0/1
8	106975362	4	174188358	0/1
4	138734535	8	119749679	0/1
8	119749679	4	138734535	0/1
4	138734634	8	119749680	0/1
8	119749680	4	138734634	0/1
4	53981041	9	96649414	1/1
9	96649414	4	53981041	1/1
4	53980092	9	96649414	1/1
9	96649414	4	53980092	1/1
4	85247948	9	124588899	0/1
9	124588899	4	85247948	0/1
4	85248359	9	124588899	0/1
9	124588899	4	85248359	0/1
4	97556342	9	133947953	0/1
9	133947953	4	97556342	0/1
4	97556342	9	133948491	0/1
9	133948491	4	97556342	0/1
4	26289574	10	18644633	0/1
10	18644633	4	26289574	0/1
4	125078263	10	116047205	0/1
10	116047205	4	125078263	0/1
4	125079718	10	116047205	0/1
10	116047205	4	125079718	0/1
4	2261705	11	28028802	1/1
11	28028802	4	2261705	1/1
4	2261705	11	28029374	1/1
11	28029374	4	2261705	1/1
4	46061815	11	19787349	0/1
11	19787349	4	46061815	0/1
4	46063974	11	19787182	0/1
11	19787182	4	46063974	0/1
4	83121726	12	118532572	0/1
12	118532572	4	83121726	0/1
4	120018406	12	127071560	0/1
12	127071560	4	120018406	0/1
4	90530283	14	71889848	0/1
14	71889848	4	90530283	0/1
4	90530864	14	71889849	0/1
14	71889849	4	90530864	0/1
4	138872685	14	58357548	1/1
14	58357548	4	138872685	1/1
4	138872683	14	58358109	1/1
14	58358109	4	138872683	1/1
4	87554032	15	38534175	0/1
15	38534175	4	87554032	0/1
4	87555334	15	38534176	0/1
15	38534176	4	87555334	0/1
4	91859434	17	76824437	0/1
17	76824437	4	91859434	0/1
4	35038339	17	13975258	0/1
17	13975258	4	35038339	0/1
4	35040417	17	13975258	0/1
17	13975258	4	35040417	0/1
4	64449313	17	68243068	0/1
17	68243068	4	64449313	0/1
4	64449384	17	68243068	0/1
17	68243068	4	64449384	0/1
4	91859327	17	76824439	0/1
17	76824439	4	91859327	0/1
4	40711738	18	14654500	0/1
18	14654500	4	40711738	0/1
4	40711707	18	14656302	0/1
18	14656302	4	40711707	0/1
4	5568387	20	7248478	0/1
20	7248478	4	5568387	0/1
4	5568460	20	7248476	0/1
20	7248476	4	5568460	0/1
4	7524949	20	17026981	0/1
20	17026981	4	7524949	0/1
4	7527050	20	17026982	0/1
20	17026982	4	7527050	0/1
4	83112807	21	15692410	1/1
21	15692410	4	83112807	1/1
4	83112808	21	15692909	1/1
21	15692909	4	83112808	1/1
4	175185509	22	40055641	0/1
22	40055641	4	175185509	0/1
4	175186625	22	40055641	0/1
22	40055641	4	175186625	0/1
4	31736847	X	1468161	0/1
X	1468161	4	31736847	0/1
4	31736848	X	1468439	0/1
X	1468439	4	31736848	0/1
4	176915158	X	16378068	0/1
X	16378068	4	176915158	0/1
4	176915605	X	16378069	0/1
X	16378069	4	176915605	0/1
4	18095171	X	45778287	0/1
X	45778287	4	18095171	0/1
4	18095574	X	45778441	0/1
X	45778441	4	18095574	0/1
4	115525493	X	144016259	0/1
X	144016259	4	115525493	0/1
4	115525918	X	144016258	0/1
X	144016258	4	115525918	0/1
4	184377832	X	151439971	1/1
X	151439971	4	184377832	1/1
4	184377832	X	151440648	1/1
X	151440648	4	184377832	1/1
4	45027763	hs37d5	13074875	0/1
hs37d5	13074875	4	45027763	0/1
5	71158837	6	36587478	0/1
6	36587478	5	71158837	0/1
5	71158838	6	36586701	0/1
6	36586701	5	71158838	0/1
5	123069970	6	80541020	1/1
6	80541020	5	123069970	1/1
5	123070343	6	80541022	1/1
6	80541022	5	123070343	1/1
5	53144382	6	126240441	1/1
6	126240441	5	53144382	1/1
5	53146071	6	126240429	1/1
6	126240429	5	53146071	1/1
5	31852979	7	39077750	0/1
7	39077750	5	31852979	0/1
5	87186508	7	66662342	0/1
7	66662342	5	87186508	0/1
5	87187437	7	66662342	0/1
7	66662342	5	87187437	0/1
5	156822606	7	88488968	0/1
7	88488968	5	156822606	0/1
5	171151851	7	96110681	1/1
7	96110681	5	171151851	1/1
5	171152296	7	96110682	1/1
7	96110682	5	171152296	1/1
5	134005371	7	96650475	0/1
7	96650475	5	134005371	0/1
5	134005386	7	96651354	0/1
7	96651354	5	134005386	0/1
5	155666022	10	90971412	0/1
10	90971412	5	155666022	0/1
5	155666434	10	90971412	0/1
10	90971412	5	155666434	0/1
5	134051369	11	112918393	0/1
11	112918393	5	134051369	0/1
5	134051369	11	112918309	0/1
11	112918309	5	134051369	0/1
5	39211294	12	2236440	1/1
12	2236440	5	39211294	1/1
5	39213533	12	2236440	1/1
12	2236440	5	39213533	1/1
5	41425481	12	11827421	0/1
12	11827421	5	41425481	0/1
5	41426017	12	11827422	0/1
12	11827422	5	41426017	0/1
5	133665074	12	21788221	0/1
12	21788221	5	133665074	0/1
5	133398132	13	98249160	0/1
13	98249160	5	133398132	0/1
5	133398133	13	98249470	0/1
13	98249470	5	133398133	0/1
5	37535836	16	26288713	0/1
16	26288713	5	37535836	0/1
5	37535837	16	26289453	0/1
16	26289453	5	37535837	0/1
5	103125412	16	47409361	0/1
16	47409361	5	103125412	0/1
5	34934529	17	1574618	1/1
17	1574618	5	34934529	1/1
5	34934645	17	1574617	1/1
17	1574617	5	34934645	1/1
5	120817327	19	48551598	0/1
19	48551598	5	120817327	0/1
5	120819631	19	48551599	0/1
19	48551599	5	120819631	0/1
5	57434258	20	31071414	1/1
20	31071414	5	57434258	1/1
5	57435136	20	31071414	1/1
20	31071414	5	57435136	1/1
5	53203277	20	48008400	0/1
20	48008400	5	53203277	0/1
5	53203278	20	48008879	0/1
20	48008879	5	53203278	0/1
5	135733909	20	41921650	0/1
20	41921650	5	135733909	0/1
5	135734063	20	41921651	0/1
20	41921651	5	135734063	0/1
5	135430271	Y	22175083	1/1
Y	22175083	5	135430271	1/1
5	135430272	Y	22175512	1/1
Y	22175512	5	135430272	1/1
5	117873656	hs37d5	13415564	0/1
hs37d5	13415564	5	117873656	0/1
6	57175364	7	32874215	0/1
7	32874215	6	57175364	0/1
6	57175786	7	32874217	0/1
7	32874217	6	57175786	0/1
6	159258510	8	57941323	0/1
8	57941323	6	159258510	0/1
6	159258609	8	57941323	0/1
8	57941323	6	159258609	0/1
6	73080480	8	61342473	0/1
8	61342473	6	73080480	0/1
6	73082435	8	61342474	0/1
8	61342474	6	73082435	0/1
6	130220412	8	78191190	0/1
8	78191190	6	130220412	0/1
6	31571626	8	135606663	0/1
8	135606663	6	31571626	0/1
6	31571915	8	135606662	0/1
8	135606662	6	31571915	0/1
6	31571626	9	27036815	0/1
9	27036815	6	31571626	0/1
6	31571915	9	27036814	0/1
9	27036814	6	31571915	0/1
6	101829117	9	109473241	1/1
9	109473241	6	101829117	1/1
6	101829118	9	109473778	1/1
9	109473778	6	101829118	1/1
6	31571626	10	27953329	0/1
10	27953329	6	31571626	0/1
6	31571914	10	27953328	0/1
10	27953328	6	31571914	0/1
6	31571626	11	50228984	0/1
11	50228984	6	31571626	0/1
6	31571915	11	50228983	0/1
11	50228983	6	31571915	0/1
6	31571625	12	42624684	0/1
12	42624684	6	31571625	0/1
6	31571916	12	42624686	0/1
12	42624686	6	31571916	0/1
6	31571626	12	49445336	0/1
12	49445336	6	31571626	0/1
6	31571915	12	49445335	0/1
12	49445335	6	31571915	0/1
6	31571625	12	89493350	0/1
12	89493350	6	31571625	0/1
6	31571915	12	89493351	0/1
12	89493351	6	31571915	0/1
6	80373985	12	86695086	0/1
12	86695086	6	80373985	0/1
6	80373986	12	86697258	0/1
12	86697258	6	80373986	0/1
6	92753728	13	94206471	1/1
13	94206471	6	92753728	1/1
6	92754081	13	94206472	1/1
13	94206472	6	92754081	1/1
6	31571626	13	98448518	0/1
13	98448518	6	31571626	0/1
6	31571915	13	98448517	0/1
13	98448517	6	31571915	0/1
6	103070352	13	109595660	0/1
13	109595660	6	103070352	0/1
6	167806839	13	34928045	0/1
13	34928045	6	167806839	0/1
6	167806840	13	34928569	0/1
13	34928569	6	167806840	0/1
6	4505605	14	42173641	0/1
14	42173641	6	4505605	0/1
6	81103128	14	51482424	0/1
14	51482424	6	81103128	0/1
6	81103128	14	51482977	0/1
14	51482977	6	81103128	0/1
6	71210362	14	72658322	0/1
14	72658322	6	71210362	0/1
6	71210363	14	72660785	0/1
14	72660785	6	71210363	0/1
6	31571626	16	73261429	0/1
16	73261429	6	31571626	0/1
6	31571915	16	73261428	0/1
16	73261428	6	31571915	0/1
6	31571626	16	74906059	0/1
16	74906059	6	31571626	0/1
6	31571916	16	74906059	0/1
16	74906059	6	31571916	0/1
6	31571625	17	15960085	0/1
17	15960085	6	31571625	0/1
6	31571918	17	15960087	0/1
17	15960087	6	31571918	0/1
6	113837815	17	36821304	0/1
17	36821304	6	113837815	0/1
6	113837817	17	36821882	0/1
17	36821882	6	113837817	0/1
6	31571626	17	41482808	0/1
17	41482808	6	31571626	0/1
6	31571915	17	41482807	0/1
17	41482807	6	31571915	0/1
6	20798870	18	9953591	1/1
18	9953591	6	20798870	1/1
6	20800000	18	9953591	1/1
18	9953591	6	20800000	1/1
6	31571624	19	4822944	0/1
19	4822944	6	31571624	0/1
6	31571916	19	4822945	0/1
19	4822945	6	31571916	0/1
6	36509098	19	23876685	0/1
19	23876685	6	36509098	0/1
6	36509099	19	23877185	0/1
19	23877185	6	36509099	0/1
6	110512002	19	32167305	0/1
19	32167305	6	110512002	0/1
6	110513767	19	32167305	0/1
19	32167305	6	110513767	0/1
6	74986507	19	37702877	0/1
19	37702877	6	74986507	0/1
6	74986505	19	37703491	0/1
19	37703491	6	74986505	0/1
6	31571626	20	18211121	0/1
20	18211121	6	31571626	0/1
6	31571916	20	18211121	0/1
20	18211121	6	31571916	0/1
6	28679188	20	23232036	1/1
20	23232036	6	28679188	1/1
6	28679188	20	23234229	1/1
20	23234229	6	28679188	1/1
6	71891035	21	40182256	0/1
21	40182256	6	71891035	0/1
6	71892397	21	40182256	0/1
21	40182256	6	71892397	0/1
6	106235307	21	43519741	0/1
21	43519741	6	106235307	0/1
6	106235308	21	43519850	0/1
21	43519850	6	106235308	0/1
6	138495892	21	45486329	1/1
21	45486329	6	138495892	1/1
6	138495893	21	45488239	1/1
21	45488239	6	138495893	1/1
6	45299369	X	1446197	0/1
X	1446197	6	45299369	0/1
6	45299370	X	1446777	0/1
X	1446777	6	45299370	0/1
6	52404823	X	40615241	0/1
X	40615241	6	52404823	0/1
6	52404894	X	40615242	0/1
X	40615242	6	52404894	0/1
6	111854548	X	151057026	0/1
X	151057026	6	111854548	0/1
6	111854548	X	151058865	0/1
X	151058865	6	111854548	0/1
6	31571624	Y	5327420	0/1
Y	5327420	6	31571624	0/1
6	31571915	Y	5327420	0/1
Y	5327420	6	31571915	0/1
6	47283595	Y	5873819	0/1
Y	5873819	6	47283595	0/1
6	81331033	hs37d5	14109861	0/1
hs37d5	14109861	6	81331033	0/1
6	81331412	hs37d5	14110280	0/1
hs37d5	14110280	6	81331412	0/1
7	37367410	8	4507846	0/1
8	4507846	7	37367410	0/1
7	37367411	8	4508420	0/1
8	4508420	7	37367411	0/1
7	31278751	8	21249740	1/1
8	21249740	7	31278751	1/1
7	31278748	8	21250171	1/1
8	21250171	7	31278748	1/1
7	73267125	8	56396308	0/1
8	56396308	7	73267125	0/1
7	73268205	8	56396306	0/1
8	56396306	7	73268205	0/1
7	24466998	9	13425384	0/1
9	13425384	7	24466998	0/1
7	41514658	9	25600603	0/1
9	25600603	7	41514658	0/1
7	41515942	9	25600604	0/1
9	25600604	7	41515942	0/1
7	77337680	9	82338277	0/1
9	82338277	7	77337680	0/1
7	125922942	9	139456208	0/1
9	139456208	7	125922942	0/1
7	125922943	9	139457909	0/1
9	139457909	7	125922943	0/1
7	3027051	10	37716173	1/1
10	37716173	7	3027051	1/1
7	3027052	10	37716574	1/1
10	37716574	7	3027052	1/1
7	24778950	10	1109559	0/1
10	1109559	7	24778950	0/1
7	24778951	10	1109632	0/1
10	1109632	7	24778951	0/1
7	46328874	10	12411206	0/1
10	12411206	7	46328874	0/1
7	46328874	10	12412022	0/1
10	12412022	7	46328874	0/1
7	14467280	10	13983039	0/1
10	13983039	7	14467280	0/1
7	138111788	10	89298793	1/1
10	89298793	7	138111788	1/1
7	138111789	10	89300144	1/1
10	89300144	7	138111789	1/1
7	95478238	12	93206482	1/1
12	93206482	7	95478238	1/1
7	95478528	12	93206481	1/1
12	93206481	7	95478528	1/1
7	109918576	14	67853108	0/1
14	67853108	7	109918576	0/1
7	106287489	15	41709302	0/1
15	41709302	7	106287489	0/1
7	106287488	15	41744836	0/1
15	41744836	7	106287488	0/1
7	106287488	15	41775761	0/1
15	41775761	7	106287488	0/1
7	83915441	15	67072859	0/1
15	67072859	7	83915441	0/1
7	83916148	15	67072860	0/1
15	67072860	7	83916148	0/1
7	97399195	16	15808888	0/1
16	15808888	7	97399195	0/1
7	97399214	16	15808523	0/1
16	15808523	7	97399214	0/1
7	97399198	16	15802658	0/1
16	15802658	7	97399198	0/1
7	30260239	16	33978541	0/1
16	33978541	7	30260239	0/1
7	30260222	16	33978698	0/1
16	33978698	7	30260222	0/1
7	20785615	17	6401246	1/1
17	6401246	7	20785615	1/1
7	20785616	17	6402397	1/1
17	6402397	7	20785616	1/1
7	20983027	18	14393640	0/1
18	14393640	7	20983027	0/1
7	20983028	18	14394018	0/1
18	14394018	7	20983028	0/1
7	144877560	18	71160772	0/1
18	71160772	7	144877560	0/1
7	144879775	18	71160773	0/1
18	71160773	7	144879775	0/1
7	22715329	20	5290653	1/1
20	5290653	7	22715329	1/1
7	22715330	20	5291056	1/1
20	5291056	7	22715330	1/1
7	90150261	20	52611689	0/1
20	52611689	7	90150261	0/1
7	90150500	20	52611690	0/1
20	52611690	7	90150500	0/1
7	131338053	20	33915949	0/1
20	33915949	7	131338053	0/1
7	131338054	20	33917039	0/1
20	33917039	7	131338054	0/1
7	9654897	X	2516980	0/1
X	2516980	7	9654897	0/1
7	9654895	X	2517450	0/1
X	2517450	7	9654895	0/1
7	31653429	Y	5270454	0/1
Y	5270454	7	31653429	0/1
7	31653517	Y	5272305	0/1
Y	5272305	7	31653517	0/1
7	139415955	Y	16714998	0/1
Y	16714998	7	139415955	0/1
7	29497999	hs37d5	32732039	0/1
hs37d5	32732039	7	29497999	0/1
7	142047790	hs37d5	19179	0/1
hs37d5	19179	7	142047790	0/1
7	148348488	hs37d5	33065166	0/1
hs37d5	33065166	7	148348488	0/1
8	9152723	10	14187843	0/1
10	14187843	8	9152723	0/1
8	9152724	10	14187917	0/1
10	14187917	8	9152724	0/1
8	131254150	10	131571819	1/1
10	131571819	8	131254150	1/1
8	131254150	10	131572212	1/1
10	131572212	8	131254150	1/1
8	3467999	11	47051649	0/1
11	47051649	8	3467999	0/1
8	15115637	12	3647693	0/1
12	3647693	8	15115637	0/1
8	15116817	12	3647693	0/1
12	3647693	8	15116817	0/1
8	15614923	12	11134902	0/1
12	11134902	8	15614923	0/1
8	15614922	12	11136171	0/1
12	11136171	8	15614922	0/1
8	137387238	12	63863988	0/1
12	63863988	8	137387238	0/1
8	137387416	12	63864357	0/1
12	63864357	8	137387416	0/1
8	117651114	12	129797246	1/1
12	129797246	8	117651114	1/1
8	117652771	12	129797246	1/1
12	129797246	8	117652771	1/1
8	127542367	12	131360918	0/1
12	131360918	8	127542367	0/1
8	127542368	12	131362778	0/1
12	131362778	8	127542368	0/1
8	110236317	13	89831265	0/1
13	89831265	8	110236317	0/1
8	110238593	13	89831265	0/1
13	89831265	8	110238593	0/1
8	93126091	13	93364892	0/1
13	93364892	8	93126091	0/1
8	93126092	13	93364945	0/1
13	93364945	8	93126092	0/1
8	120398851	14	72960900	1/1
14	72960900	8	120398851	1/1
8	120399226	14	72960900	1/1
14	72960900	8	120399226	1/1
8	96692461	16	24021176	0/1
16	24021176	8	96692461	0/1
8	96692460	16	24021177	0/1
16	24021177	8	96692460	0/1
8	19555440	16	33554034	0/1
16	33554034	8	19555440	0/1
8	19556238	16	33554127	0/1
16	33554127	8	19556238	0/1
8	106939561	16	48089366	0/1
16	48089366	8	106939561	0/1
8	106939562	16	48089788	0/1
16	48089788	8	106939562	0/1
8	15445917	17	5013237	1/1
17	5013237	8	15445917	1/1
8	15445918	17	5015079	1/1
17	5015079	8	15445918	1/1
8	37328951	17	11702517	0/1
17	11702517	8	37328951	0/1
8	37329523	17	11702517	0/1
17	11702517	8	37329523	0/1
8	142368047	17	58343388	0/1
17	58343388	8	142368047	0/1
8	142368048	17	58340999	0/1
17	58340999	8	142368048	0/1
8	16974491	18	7301417	1/1
18	7301417	8	16974491	1/1
8	16974492	18	7302049	1/1
18	7302049	8	16974492	1/1
8	2489248	19	24314149	0/1
19	24314149	8	2489248	0/1
8	2489248	19	24315995	0/1
19	24315995	8	2489248	0/1
8	9129384	19	1564455	0/1
19	1564455	8	9129384	0/1
8	9129555	19	1564456	0/1
19	1564456	8	9129555	0/1
8	39158467	19	7966036	0/1
19	7966036	8	39158467	0/1
8	39158468	19	7966152	0/1
19	7966152	8	39158468	0/1
8	13580541	19	19317385	0/1
19	19317385	8	13580541	0/1
8	13581679	19	19317386	0/1
19	19317386	8	13581679	0/1
8	85742855	20	47980648	1/1
20	47980648	8	85742855	1/1
8	85743989	20	47980648	1/1
20	47980648	8	85743989	1/1
8	94866014	20	48268373	0/1
20	48268373	8	94866014	0/1
8	94866407	20	48268502	0/1
20	48268502	8	94866407	0/1
8	92998934	21	43166940	0/1
21	43166940	8	92998934	0/1
8	92998935	21	43167690	0/1
21	43167690	8	92998935	0/1
8	37705344	X	19210108	1/1
X	19210108	8	37705344	1/1
8	37705345	X	19211898	1/1
X	19211898	8	37705345	1/1
8	40101851	Y	8570352	0/1
Y	8570352	8	40101851	0/1
8	40101918	Y	8570352	0/1
Y	8570352	8	40101918	0/1
8	1198265	hs37d5	15327882	0/1
hs37d5	15327882	8	1198265	0/1
8	1198346	hs37d5	15327950	0/1
hs37d5	15327950	8	1198346	0/1
8	1198728	hs37d5	15328367	0/1
hs37d5	15328367	8	1198728	0/1
9	33774140	11	41441438	1/1
11	41441438	9	33774140	1/1
9	33775731	11	41441440	1/1
11	41441440	9	33775731	1/1
9	79687912	11	118326602	0/1
11	118326602	9	79687912	0/1
9	79689474	11	118326603	0/1
11	118326603	9	79689474	0/1
9	80095503	12	70130764	1/1
12	70130764	9	80095503	1/1
9	80095078	12	70130781	1/1
12	70130781	9	80095078	1/1
9	83238393	12	71381844	1/1
12	71381844	9	83238393	1/1
9	83238394	12	71382334	1/1
12	71382334	9	83238394	1/1
9	133005430	12	64703396	0/1
12	64703396	9	133005430	0/1
9	133005918	12	64703450	0/1
12	64703450	9	133005918	0/1
9	124019574	14	68160644	1/1
14	68160644	9	124019574	1/1
9	124021876	14	68160641	1/1
14	68160641	9	124021876	1/1
9	99868800	15	100188058	0/1
15	100188058	9	99868800	0/1
9	99869059	15	100188058	0/1
15	100188058	9	99869059	0/1
9	33690910	16	25850342	0/1
16	25850342	9	33690910	0/1
9	33690901	16	25850785	0/1
16	25850785	9	33690901	0/1
9	76700742	16	75821760	1/1
16	75821760	9	76700742	1/1
9	76700760	16	75822063	1/1
16	75822063	9	76700760	1/1
9	93827624	16	83355318	1/1
16	83355318	9	93827624	1/1
9	93829310	16	83355319	1/1
16	83355319	9	93829310	1/1
9	36378151	17	8238708	0/1
17	8238708	9	36378151	0/1
9	36380468	17	8238653	0/1
17	8238653	9	36380468	0/1
9	27320487	17	16851113	0/1
17	16851113	9	27320487	0/1
9	27322308	17	16851114	0/1
17	16851114	9	27322308	0/1
9	95375153	17	28007516	1/1
17	28007516	9	95375153	1/1
9	95375154	17	28009462	1/1
17	28009462	9	95375154	1/1
9	135110412	17	63792290	0/1
17	63792290	9	135110412	0/1
9	135110553	17	63792290	0/1
17	63792290	9	135110553	0/1
9	88045839	18	26403488	1/1
18	26403488	9	88045839	1/1
9	88045840	18	26403662	1/1
18	26403662	9	88045840	1/1
9	136034230	18	40240829	0/1
18	40240829	9	136034230	0/1
9	136034121	18	40241227	0/1
18	40241227	9	136034121	0/1
9	17241401	19	21797370	0/1
19	21797370	9	17241401	0/1
9	17241425	19	21797460	0/1
19	21797460	9	17241425	0/1
9	105805490	20	44217680	1/1
20	44217680	9	105805490	1/1
9	105805491	20	44218564	1/1
20	44218564	9	105805491	1/1
9	101385626	21	30068644	0/1
21	30068644	9	101385626	0/1
9	101385627	21	30069469	0/1
21	30069469	9	101385627	0/1
9	35884751	22	22716539	0/1
22	22716539	9	35884751	0/1
9	35884752	22	22715688	0/1
22	22715688	9	35884752	0/1
9	113234870	22	47908348	1/1
22	47908348	9	113234870	1/1
9	113236937	22	47908347	1/1
22	47908347	9	113236937	1/1
9	21482754	X	20896457	1/1
X	20896457	9	21482754	1/1
9	21482754	X	20897005	1/1
X	20897005	9	21482754	1/1
10	5273880	11	20112652	0/1
11	20112652	10	5273880	0/1
10	5273881	11	20113975	0/1
11	20113975	10	5273881	0/1
10	50559830	11	66872507	1/1
11	66872507	10	50559830	1/1
10	50559823	11	66872782	1/1
11	66872782	10	50559823	1/1
10	75577837	11	88694720	0/1
11	88694720	10	75577837	0/1
10	75578375	11	88694847	0/1
11	88694847	10	75578375	0/1
10	28424203	12	18814256	0/1
12	18814256	10	28424203	0/1
10	28424204	12	18814824	0/1
12	18814824	10	28424204	0/1
10	56875370	13	48319613	0/1
13	48319613	10	56875370	0/1
10	56875371	13	48319685	0/1
13	48319685	10	56875371	0/1
10	62139125	13	64435127	0/1
13	64435127	10	62139125	0/1
10	113559438	14	23103655	0/1
14	23103655	10	113559438	0/1
10	21794306	16	1396483	0/1
16	1396483	10	21794306	0/1
10	21794570	16	1396484	0/1
16	1396484	10	21794570	0/1
10	83939378	16	71361047	1/1
16	71361047	10	83939378	1/1
10	83940131	16	71361047	1/1
16	71361047	10	83940131	1/1
10	121987333	16	73114121	1/1
16	73114121	10	121987333	1/1
10	121987334	16	73114710	1/1
16	73114710	10	121987334	1/1
10	80987943	18	53081284	1/1
18	53081284	10	80987943	1/1
10	80987944	18	53083763	1/1
18	53083763	10	80987944	1/1
10	748763	19	4061198	0/1
19	4061198	10	748763	0/1
10	748764	19	4061669	0/1
19	4061669	10	748764	0/1
10	18691971	20	23253061	0/1
20	23253061	10	18691971	0/1
10	18693000	20	23253059	0/1
20	23253059	10	18693000	0/1
10	57700767	20	62473120	0/1
20	62473120	10	57700767	0/1
10	57701207	20	62473373	0/1
20	62473373	10	57701207	0/1
10	61332296	22	32954827	0/1
22	32954827	10	61332296	0/1
10	61334671	22	32954826	0/1
22	32954826	10	61334671	0/1
10	53460587	X	124107240	0/1
X	124107240	10	53460587	0/1
10	53460587	X	124109008	0/1
X	124109008	10	53460587	0/1
10	45765007	Y	17402653	0/1
Y	17402653	10	45765007	0/1
10	45765007	Y	17403197	0/1
Y	17403197	10	45765007	0/1
10	75490146	Y	16012362	1/1
Y	16012362	10	75490146	1/1
10	74681359	Y	21193747	1/1
Y	21193747	10	74681359	1/1
10	74683640	Y	21193749	1/1
Y	21193749	10	74683640	1/1
10	6879660	hs37d5	31553496	0/1
hs37d5	31553496	10	6879660	0/1
11	25621619	12	14431008	0/1
12	14431008	11	25621619	0/1
11	25622191	12	14431007	0/1
12	14431007	11	25622191	0/1
11	74822235	12	107331610	0/1
12	107331610	11	74822235	0/1
11	45925066	12	25289386	1/1
12	25289386	11	45925066	1/1
11	45925066	12	25290659	1/1
12	25290659	11	45925066	1/1
11	93661850	13	82591501	0/1
13	82591501	11	93661850	0/1
11	75421606	13	75747635	1/1
13	75747635	11	75421606	1/1
11	75421606	13	75747827	1/1
13	75747827	11	75421606	1/1
11	93664256	13	82591502	0/1
13	82591502	11	93664256	0/1
11	13495273	14	26420200	0/1
14	26420200	11	13495273	0/1
11	13495424	14	26420201	0/1
14	26420201	11	13495424	0/1
11	72378293	15	75116149	0/1
15	75116149	11	72378293	0/1
11	72378292	15	75116197	0/1
15	75116197	11	72378292	0/1
11	43946302	16	27069288	0/1
16	27069288	11	43946302	0/1
11	43946302	16	27069358	0/1
16	27069358	11	43946302	0/1
11	74898133	16	89817764	1/1
16	89817764	11	74898133	1/1
11	74898129	16	89819988	1/1
16	89819988	11	74898129	1/1
11	5563817	17	807433	1/1
17	807433	11	5563817	1/1
11	5565719	17	807433	1/1
17	807433	11	5565719	1/1
11	127262075	17	39776670	0/1
17	39776670	11	127262075	0/1
11	127262293	17	39775692	0/1
17	39775692	11	127262293	0/1
11	127262292	17	39780882	0/1
17	39780882	11	127262292	0/1
11	88819259	17	57134512	1/1
17	57134512	11	88819259	1/1
11	88819422	17	57134513	1/1
17	57134513	11	88819422	1/1
11	62085886	17	77861066	1/1
17	77861066	11	62085886	1/1
11	62088058	17	77861067	1/1
17	77861067	11	62088058	1/1
11	134038896	17	30999771	0/1
17	30999771	11	134038896	0/1
11	134038897	17	31000119	0/1
17	31000119	11	134038897	0/1
11	64888292	18	72057085	0/1
18	72057085	11	64888292	0/1
11	49887125	18	14769065	1/1
18	14769065	11	49887125	1/1
11	49887468	18	14769064	1/1
18	14769064	11	49887468	1/1
11	64889253	18	72057519	0/1
18	72057519	11	64889253	0/1
11	47197480	19	4650594	1/1
19	4650594	11	47197480	1/1
11	47198030	19	4650595	1/1
19	4650595	11	47198030	1/1
11	87408558	19	43630712	0/1
19	43630712	11	87408558	0/1
11	87410812	19	43630680	0/1
19	43630680	11	87410812	0/1
11	109538308	21	24130375	0/1
21	24130375	11	109538308	0/1
11	109570860	21	24130377	0/1
21	24130377	11	109570860	0/1
11	97489199	21	39505857	0/1
21	39505857	11	97489199	0/1
11	114956332	22	42139818	1/1
22	42139818	11	114956332	1/1
11	114956332	22	42141767	1/1
22	42141767	11	114956332	1/1
11	16302580	X	1761308	0/1
X	1761308	11	16302580	0/1
11	16302909	X	1761309	0/1
X	1761309	11	16302909	0/1
11	913792	X	40062397	0/1
X	40062397	11	913792	0/1
11	914066	X	40062763	0/1
X	40062763	11	914066	0/1
11	64533891	X	83953759	1/1
X	83953759	11	64533891	1/1
11	64533892	X	83953982	1/1
X	83953982	11	64533892	1/1
11	118327083	X	144652986	0/1
X	144652986	11	118327083	0/1
11	118327083	X	144653565	0/1
X	144653565	11	118327083	0/1
11	43657061	Y	8620597	0/1
Y	8620597	11	43657061	0/1
11	43657169	Y	8620962	1/1
Y	8620962	11	43657169	1/1
11	1662650	hs37d5	3742082	0/1
hs37d5	3742082	11	1662650	0/1
11	25424132	hs37d5	32732039	0/1
hs37d5	32732039	11	25424132	0/1
12	1991612	13	30470454	0/1
13	30470454	12	1991612	0/1
12	107966960	14	25987316	0/1
14	25987316	12	107966960	0/1
12	107967519	14	25987317	0/1
14	25987317	12	107967519	0/1
12	87697008	15	37982970	1/1
15	37982970	12	87697008	1/1
12	87698757	15	37982971	1/1
15	37982971	12	87698757	1/1
12	72119669	15	73816429	0/1
15	73816429	12	72119669	0/1
12	32681272	16	33683632	0/1
16	33683632	12	32681272	0/1
12	104485739	16	56952450	0/1
16	56952450	12	104485739	0/1
12	118498868	16	80431515	0/1
16	80431515	12	118498868	0/1
12	118498868	16	80432062	0/1
16	80432062	12	118498868	0/1
12	74723530	16	87902182	1/1
16	87902182	12	74723530	1/1
12	74723574	16	87903264	1/1
16	87903264	12	74723574	1/1
12	120006726	16	88186844	0/1
16	88186844	12	120006726	0/1
12	120006727	16	88186973	0/1
16	88186973	12	120006727	0/1
12	1333038	19	3829061	1/1
19	3829061	12	1333038	1/1
12	1333047	19	3829444	1/1
19	3829444	12	1333047	1/1
12	15586841	19	5698959	0/1
19	5698959	12	15586841	0/1
12	41701357	19	49143018	0/1
19	49143018	12	41701357	0/1
12	29598355	20	22228757	0/1
20	22228757	12	29598355	0/1
12	52369712	22	37205579	0/1
22	37205579	12	52369712	0/1
12	52369932	22	37205579	0/1
22	37205579	12	52369932	0/1
12	38786580	22	47581086	1/1
22	47581086	12	38786580	1/1
12	38786929	22	47581087	1/1
22	47581087	12	38786929	1/1
12	104562770	22	21167662	0/1
22	21167662	12	104562770	0/1
12	11237214	hs37d5	198870	0/1
hs37d5	198870	12	11237214	0/1
12	8573031	hs37d5	32613738	0/1
hs37d5	32613738	12	8573031	0/1
12	8594786	hs37d5	32612589	0/1
hs37d5	32612589	12	8594786	0/1
12	8596578	hs37d5	32610859	0/1
hs37d5	32610859	12	8596578	0/1
13	32105300	14	71364121	0/1
14	71364121	13	32105300	0/1
13	32105301	14	71364777	0/1
14	71364777	13	32105301	0/1
13	49267491	17	63920916	0/1
17	63920916	13	49267491	0/1
13	49267713	17	63920916	0/1
17	63920916	13	49267713	0/1
13	58123738	20	55690756	0/1
20	55690756	13	58123738	0/1
13	58123738	20	55693023	0/1
20	55693023	13	58123738	0/1
13	19361307	22	29198890	1/1
22	29198890	13	19361307	1/1
13	19361178	22	29199286	0/1
22	29199286	13	19361178	0/1
13	30470420	X	104519833	0/1
X	104519833	13	30470420	0/1
14	82244406	16	78998854	1/1
16	78998854	14	82244406	1/1
14	82244406	16	78999573	1/1
16	78999573	14	82244406	1/1
14	70468978	18	71666883	1/1
18	71666883	14	70468978	1/1
14	70469480	18	71666883	1/1
18	71666883	14	70469480	1/1
14	24313632	19	31985187	1/1
19	31985187	14	24313632	1/1
14	24314261	19	31985188	1/1
19	31985188	14	24314261	1/1
14	42247026	20	31117184	0/1
20	31117184	14	42247026	0/1
14	42247027	20	31117262	0/1
20	31117262	14	42247027	0/1
14	106871313	hs37d5	7812164	0/1
hs37d5	7812164	14	106871313	0/1
15	27303233	18	54306343	0/1
18	54306343	15	27303233	0/1
15	27304765	18	54306341	0/1
18	54306341	15	27304765	0/1
15	100045876	18	48605656	0/1
18	48605656	15	100045876	0/1
15	100046960	18	48605657	0/1
18	48605657	15	100046960	0/1
15	28151820	19	46727844	1/1
19	46727844	15	28151820	1/1
15	28151821	19	46728270	1/1
19	46728270	15	28151821	1/1
15	101778824	19	53659725	1/1
19	53659725	15	101778824	1/1
15	101778991	19	53659726	1/1
19	53659726	15	101778991	1/1
15	39400375	20	53454783	0/1
20	53454783	15	39400375	0/1
15	39400374	20	53456679	0/1
20	53456679	15	39400374	0/1
15	44964113	X	111707731	0/1
X	111707731	15	44964113	0/1
15	44964113	X	111708792	0/1
X	111708792	15	44964113	0/1
15	52484514	Y	21318737	0/1
Y	21318737	15	52484514	0/1
15	52484769	Y	21318738	0/1
Y	21318738	15	52484769	0/1
15	57981229	hs37d5	31622170	0/1
hs37d5	31622170	15	57981229	0/1
16	82451690	17	49363859	0/1
17	49363859	16	82451690	0/1
16	82452127	17	49363859	0/1
17	49363859	16	82452127	0/1
16	72655174	18	27467073	1/1
18	27467073	16	72655174	1/1
16	72655416	18	27467074	1/1
18	27467074	16	72655416	1/1
16	67982025	18	29386998	0/1
18	29386998	16	67982025	0/1
16	67984375	18	29386999	0/1
18	29386999	16	67984375	0/1
16	83701005	18	76053625	1/1
18	76053625	16	83701005	1/1
16	83701005	18	76053874	1/1
18	76053874	16	83701005	1/1
16	7185692	19	14663941	1/1
19	14663941	16	7185692	1/1
16	20446459	19	14029471	0/1
19	14029471	16	20446459	0/1
16	20447264	19	14029473	0/1
19	14029473	16	20447264	0/1
16	7184843	19	14663940	1/1
19	14663940	16	7184843	1/1
16	9972828	20	18989560	0/1
20	18989560	16	9972828	0/1
16	9975266	20	18989561	0/1
20	18989561	16	9975266	0/1
16	72731142	22	33366956	0/1
22	33366956	16	72731142	0/1
16	83889121	Y	23117693	1/1
Y	23117693	16	83889121	1/1
16	83889300	Y	23117694	1/1
Y	23117694	16	83889300	1/1
17	78483226	18	22492813	0/1
18	22492813	17	78483226	0/1
17	78483674	18	22492813	0/1
18	22492813	17	78483674	0/1
17	862120	19	5679657	0/1
19	5679657	17	862120	0/1
17	12718693	20	14803634	0/1
20	14803634	17	12718693	0/1
17	12719093	20	14803635	0/1
20	14803635	17	12719093	0/1
17	66581109	21	23564407	0/1
21	23564407	17	66581109	0/1
17	66581159	21	23564407	0/1
21	23564407	17	66581159	0/1
17	8733797	X	1912447	0/1
X	1912447	17	8733797	0/1
17	8734210	X	1912448	0/1
X	1912448	17	8734210	0/1
17	20507652	X	2119659	0/1
X	2119659	17	20507652	0/1
17	19287109	X	21153788	0/1
X	21153788	17	19287109	0/1
17	19287108	X	21154117	0/1
X	21154117	17	19287108	0/1
17	61334334	X	84104580	1/1
X	84104580	17	61334334	1/1
17	61336416	X	84104597	1/1
X	84104597	17	61336416	1/1
17	14349602	Y	8875365	1/1
Y	8875365	17	14349602	1/1
17	14349953	Y	8875365	1/1
Y	8875365	17	14349953	1/1
17	27467489	Y	14016223	1/1
Y	14016223	17	27467489	1/1
17	27467490	Y	14016546	1/1
Y	14016546	17	27467490	1/1
17	1019539	hs37d5	2274740	0/1
hs37d5	2274740	17	1019539	0/1
18	9960384	19	3989951	1/1
19	3989951	18	9960384	1/1
18	9962005	19	3989952	1/1
19	3989952	18	9962005	1/1
18	30039076	19	31916601	1/1
19	31916601	18	30039076	1/1
18	30039077	19	31917046	1/1
19	31917046	18	30039077	1/1
18	29588018	19	32968632	0/1
19	32968632	18	29588018	0/1
18	29588017	19	32968705	0/1
19	32968705	18	29588017	0/1
18	57229178	19	34100557	0/1
19	34100557	18	57229178	0/1
18	57229249	19	34100554	0/1
19	34100554	18	57229249	0/1
18	34013648	19	54288325	1/1
19	54288325	18	34013648	1/1
18	34013649	19	54290431	1/1
19	54290431	18	34013649	1/1
18	65145311	19	58193691	0/1
19	58193691	18	65145311	0/1
18	65145795	19	58193692	0/1
19	58193692	18	65145795	0/1
18	59074186	20	34634361	0/1
20	34634361	18	59074186	0/1
18	59074186	20	34636359	0/1
20	34636359	18	59074186	0/1
18	3159711	X	22790665	1/1
X	22790665	18	3159711	1/1
18	3159712	X	22790950	1/1
X	22790950	18	3159712	1/1
18	4514334	X	56954781	0/1
X	56954781	18	4514334	0/1
18	4514335	X	56955804	0/1
X	56955804	18	4514335	0/1
18	10163184	X	45592226	0/1
X	45592226	18	10163184	0/1
18	10163183	X	45592712	0/1
X	45592712	18	10163183	0/1
18	31934575	X	113755312	0/1
X	113755312	18	31934575	0/1
18	31934621	X	113755687	0/1
X	113755687	18	31934621	0/1
18	5238484	Y	4908273	0/1
Y	4908273	18	5238484	0/1
18	6704108	Y	6103849	0/1
Y	6103849	18	6704108	0/1
18	65233279	Y	18619951	0/1
Y	18619951	18	65233279	0/1
18	65233277	Y	18620146	0/1
Y	18620146	18	65233277	0/1
19	13523393	20	3012218	0/1
20	3012218	19	13523393	0/1
19	13523474	20	3012219	0/1
20	3012219	19	13523474	0/1
19	51845880	20	42396199	0/1
20	42396199	19	51845880	0/1
19	51845881	20	42396253	0/1
20	42396253	19	51845881	0/1
19	50784937	22	36791337	0/1
22	36791337	19	50784937	0/1
19	50785274	22	36791336	0/1
22	36791336	19	50785274	0/1
19	35832506	22	45494162	0/1
22	45494162	19	35832506	0/1
19	35833523	22	45494163	0/1
22	45494163	19	35833523	0/1
19	8450549	Y	8576078	0/1
Y	8576078	19	8450549	0/1
19	8450658	Y	8576079	0/1
Y	8576079	19	8450658	0/1
19	15783906	hs37d5	17579893	0/1
hs37d5	17579893	19	15783906	0/1
20	35868921	21	22978266	1/1
21	22978266	20	35868921	1/1
20	35869072	21	22978267	0/1
21	22978267	20	35869072	0/1
20	38458208	21	39266369	1/1
21	39266369	20	38458208	1/1
20	38458206	21	39266809	1/1
21	39266809	20	38458206	1/1
20	47719794	22	35127370	0/1
22	35127370	20	47719794	0/1
20	47720291	22	35127371	0/1
22	35127371	20	47720291	0/1
20	13945391	22	23798606	0/1
22	23798606	20	13945391	0/1
20	13945771	22	23798547	0/1
22	23798547	20	13945771	0/1
20	19905984	X	16717917	0/1
X	16717917	20	19905984	0/1
20	19906291	X	16717918	0/1
X	16717918	20	19906291	0/1
20	11085984	X	55947830	0/1
X	55947830	20	11085984	0/1
20	11086359	X	55947993	1/1
X	55947993	20	11086359	1/1
20	22701400	X	125900350	0/1
X	125900350	20	22701400	0/1
20	22701401	X	141757365	0/1
X	141757365	20	22701401	0/1
20	7527164	Y	7811223	1/1
Y	7811223	20	7527164	1/1
20	7527621	Y	7811221	1/1
Y	7811221	20	7527621	1/1
21	22861753	22	22145506	0/1
22	22145506	21	22861753	0/1
21	22863024	22	22145508	0/1
22	22145508	21	22863024	0/1
21	39321946	22	30940744	0/1
22	30940744	21	39321946	0/1
21	39321559	22	30940743	0/1
22	30940743	21	39321559	0/1
21	14796732	X	88020002	1/1
X	88020002	21	14796732	1/1
21	14796990	X	88020002	1/1
X	88020002	21	14796990	1/1
21	47446316	X	125850646	0/1
X	125850646	21	47446316	0/1
21	47446717	X	125850647	0/1
X	125850647	21	47446717	0/1
21	31169396	X	135893391	0/1
X	135893391	21	31169396	0/1
21	31169396	X	135893992	0/1
X	135893992	21	31169396	0/1
21	34609223	Y	21070058	0/1
Y	21070058	21	34609223	0/1
21	34609222	Y	21070516	0/1
Y	21070516	21	34609222	0/1
22	41968133	X	131665633	0/1
X	131665633	22	41968133	0/1
22	41968133	X	131665723	0/1
X	131665723	22	41968133	0/1
X	2699519	Y	2649526	0/1
Y	2649526	X	2699519	0/1
X	425954	Y	8764647	0/1
Y	8764647	X	425954	0/1
X	425954	Y	8766909	0/1
Y	8766909	X	425954	0/1
X	34281313	Y	2749458	0/1
Y	2749458	X	34281313	0/1
X	24665881	Y	3001901	1/1
Y	3001901	X	24665881	1/1
X	24665883	Y	3002604	1/1
Y	3002604	X	24665883	1/1
X	34281606	Y	2749769	1/1
Y	2749769	X	34281606	1/1
X	34281606	Y	2749942	1/1
Y	2749942	X	34281606	1/1
