1	7412665	4	35334013	1/1
1	7412996	4	35334014	1/1
1	18222434	19	11239309	1/1
1	18222751	19	11239310	1/1
1	30443894	Y	4081190	1/1
1	30443895	Y	4081635	1/1
1	30521100	6	19305937	0/1
1	30521679	6	19305938	0/1
1	36472337	17	6186550	1/1
1	36472339	17	6188988	1/1
1	39933310	16	57962877	0/1
1	40012574	7	38307946	0/1
1	40013160	7	38307945	0/1
1	43785146	9	7176262	0/1
1	43785149	9	7176673	0/1
1	43825502	16	57962876	0/1
1	44004898	17	7467278	0/1
1	44004899	17	7467439	0/1
1	46011180	3	57016035	0/1
1	56519893	6	684065	1/1
1	56519894	6	684653	1/1
1	60228313	22	36471006	0/1
1	60228402	22	36471006	0/1
1	60706429	19	23163241	0/1
1	60707456	19	23163251	0/1
1	62277589	2	20799328	1/1
1	62277895	2	20799328	1/1
1	72440667	10	27676745	1/1
1	72440669	10	27677939	1/1
1	93824543	11	46934630	0/1
1	93825725	11	46934631	0/1
1	110830362	17	1259693	1/1
1	110830477	17	1259694	1/1
1	112355873	10	37218655	0/1
1	112356524	10	37218656	0/1
1	150583003	17	40495751	0/1
1	150583003	17	40496301	0/1
1	154571536	18	38726569	0/1
1	154571537	18	38727248	0/1
1	158788067	7	76652056	0/1
1	159177029	11	88580711	1/1
1	159177030	11	88580518	1/1
1	160101183	9	81485774	1/1
1	160102171	9	81485774	1/1
1	162094740	18	76389849	1/1
1	162095252	18	76389850	1/1
1	167588650	16	70953478	1/1
1	173024158	10	128853754	1/1
1	173025699	10	128853755	1/1
1	174711582	15	77121753	1/1
1	174712205	15	77121754	1/1
1	183060809	8	104999736	1/1
1	183061526	8	104999737	1/1
1	196899731	20	52634231	0/1
1	196899732	20	52635881	0/1
1	198717473	9	108029758	1/1
1	198717475	9	108030584	1/1
1	200243155	8	72184328	1/1
1	200243155	8	72184913	1/1
1	212288358	18	49580010	0/1
1	216696486	2	186852350	0/1
1	216696487	2	186852741	0/1
1	220863123	22	29259688	0/1
1	220863124	22	29260778	0/1
1	221724858	22	22130214	1/1
1	221725077	22	22130215	1/1
1	223622466	14	70291746	0/1
1	234724522	17	72205734	0/1
1	234724630	17	72205735	0/1
1	236486321	16	80269762	1/1
1	236486969	16	80269763	1/1
1	241664447	Y	22754031	1/1
1	241666389	Y	22754032	1/1
2	3971364	10	21432216	0/1
2	3971366	10	21432461	0/1
2	9122141	17	3583697	0/1
2	9122143	17	3584244	0/1
2	17943810	9	43601529	1/1
2	17945640	9	43601528	1/1
2	20799328	1	62277589	1/1
2	20799328	1	62277895	1/1
2	32282817	Y	5740083	0/1
2	46048041	21	10428798	0/1
2	46048041	21	10429129	0/1
2	54820142	4	28076087	1/1
2	54820145	4	28076973	1/1
2	58237188	4	35833954	0/1
2	58237190	4	35835868	0/1
2	65945826	4	41071095	1/1
2	65946412	4	41071096	1/1
2	69376110	16	24145212	1/1
2	69376521	16	24145213	1/1
2	75362165	5	8753408	1/1
2	75364225	5	8753409	1/1
2	106785169	20	60616723	1/1
2	106785170	20	60617282	1/1
2	111488628	16	84017787	1/1
2	111490911	16	84017788	1/1
2	111518708	18	54710643	0/1
2	111518780	18	54710641	0/1
2	115526129	19	31032836	1/1
2	115526130	19	31033260	1/1
2	117092367	21	20104715	0/1
2	117092370	21	20107191	0/1
2	121391982	3	145691352	1/1
2	121392417	3	145691353	1/1
2	130795229	12	92891136	1/1
2	130795229	12	92892950	1/1
2	143199717	19	43198288	1/1
2	143199814	19	43198290	1/1
2	167969266	9	83378732	1/1
2	167969269	9	83379324	1/1
2	168867078	13	48064210	1/1
2	168867079	13	48066231	1/1
2	170560019	14	48554400	0/1
2	170560020	14	48554483	0/1
2	186852350	1	216696486	0/1
2	186852741	1	216696487	0/1
2	188208289	Y	19237200	0/1
2	188208289	Y	19237763	0/1
2	208354266	3	185516259	0/1
2	208354842	3	185516262	0/1
2	219044030	6	140165377	0/1
2	234756430	X	95842262	1/1
2	234757776	X	95842264	1/1
3	9134824	8	4636955	1/1
3	9135245	8	4636956	1/1
3	10161862	8	26699929	0/1
3	10161864	8	26701210	0/1
3	13919237	X	30999818	0/1
3	13919267	X	31002276	0/1
3	13952898	4	6909616	1/1
3	13952898	4	6911693	1/1
3	14553162	X	20705135	0/1
3	14553164	X	20705406	0/1
3	17626197	9	37435663	0/1
3	17626198	9	37436036	0/1
3	20037716	18	1440885	1/1
3	20037717	18	1440996	1/1
3	24343484	10	11323867	1/1
3	24343485	10	11325089	1/1
3	26586127	19	21062609	1/1
3	26586128	19	21062229	1/1
3	30245940	11	51322639	0/1
3	30246288	11	51322640	0/1
3	32244419	12	14432562	0/1
3	32244420	12	14432640	0/1
3	33056586	8	32632334	1/1
3	33058447	8	32632335	1/1
3	33287999	18	14737093	0/1
3	33289814	18	14737094	0/1
3	40800447	X	43813842	0/1
3	40800448	X	43814180	0/1
3	52736989	Y	4602572	1/1
3	54194603	8	37036652	1/1
3	54194604	8	37038106	1/1
3	56709058	17	73383069	0/1
3	57016035	1	46011180	0/1
3	57109773	8	23038450	1/1
3	57110549	8	23038448	1/1
3	82743559	17	12274804	1/1
3	82743560	17	12274920	1/1
3	97151520	5	97093651	0/1
3	97151918	5	97093652	0/1
3	108591618	X	64742055	0/1
3	108591741	X	64742056	0/1
3	114826432	16	83442679	0/1
3	114826433	16	83443045	0/1
3	118347790	10	105625541	1/1
3	118349647	10	105625542	1/1
3	122005434	20	48584713	1/1
3	122005434	20	48585554	1/1
3	133952456	8	132428585	0/1
3	133954186	8	132428586	0/1
3	136064151	12	73865061	0/1
3	136064415	12	73865062	0/1
3	141663270	12	116966830	0/1
3	141663355	12	116966829	0/1
3	145691352	2	121391982	1/1
3	145691353	2	121392417	1/1
3	146587824	6	107803971	0/1
3	146587825	6	107804047	0/1
3	154621530	17	67025844	1/1
3	154621531	17	67027598	1/1
3	162816802	6	158733278	1/1
3	162817193	6	158733278	1/1
3	166672294	18	50658577	0/1
3	166674375	18	50658578	0/1
3	168507164	15	63445542	0/1
3	168507166	15	63446132	0/1
3	169333093	17	62670877	0/1
3	169333095	17	62671485	0/1
3	170163580	18	54941322	1/1
3	170164004	18	54941323	1/1
3	170419255	12	117376449	0/1
3	170419256	12	117377735	0/1
3	174245535	14	24407497	0/1
3	174245880	14	24407496	0/1
3	185516259	2	208354266	0/1
3	185516262	2	208354842	0/1
3	188900756	9	75515777	0/1
3	188900758	9	75515578	0/1
3	190955849	5	151832202	1/1
3	190957031	5	151832202	1/1
4	2261703	11	28028802	1/1
4	2261705	11	28029373	1/1
4	5568387	20	7248475	1/1
4	5568459	20	7248476	1/1
4	6909616	3	13952898	1/1
4	6911693	3	13952898	1/1
4	7524949	20	17026981	0/1
4	7527050	20	17026982	0/1
4	13719466	8	35749006	1/1
4	13719468	8	35749318	1/1
4	18095329	X	45778427	0/1
4	20889555	5	45274024	0/1
4	20889556	5	45276006	0/1
4	21614178	6	51009572	0/1
4	21614635	6	51009573	0/1
4	24443636	6	30196947	0/1
4	24444509	6	30196949	0/1
4	26289574	10	18644633	0/1
4	28076087	2	54820142	1/1
4	28076973	2	54820145	1/1
4	31736847	X	1468161	0/1
4	31736848	X	1468438	0/1
4	32639881	8	14644859	0/1
4	32639882	8	14645357	0/1
4	35038339	17	13975256	0/1
4	35040417	17	13975258	0/1
4	35334013	1	7412665	1/1
4	35334014	1	7412996	1/1
4	35833954	2	58237188	0/1
4	35835868	2	58237190	0/1
4	40711738	18	14654444	0/1
4	40711740	18	14656343	0/1
4	41071095	2	65945826	1/1
4	41071096	2	65946412	1/1
4	46061815	11	19787347	0/1
4	46064134	11	19787348	0/1
4	48484863	5	44618161	1/1
4	53980092	9	96649414	1/1
4	53981040	9	96649414	1/1
4	64449142	17	68242920	0/1
4	64449561	17	68243231	0/1
4	81757555	8	59427218	1/1
4	81757556	8	59426621	1/1
4	83112807	21	15692410	1/1
4	83112808	21	15692909	1/1
4	85247948	9	124588898	0/1
4	85248358	9	124588899	0/1
4	87554032	15	38534175	0/1
4	87555332	15	38534176	0/1
4	90530283	14	71889848	0/1
4	90530862	14	71889849	0/1
4	91859327	17	76824436	0/1
4	91859433	17	76824437	0/1
4	97556342	9	133947953	0/1
4	97556342	9	133948490	0/1
4	114691345	8	77112580	0/1
4	114691346	8	77113094	0/1
4	115525493	X	144016258	0/1
4	115525916	X	144016258	0/1
4	125078263	10	116047206	0/1
4	125079715	10	116047205	0/1
4	127545935	6	123095150	0/1
4	127547502	6	123095151	0/1
4	138734535	8	119749679	0/1
4	138734633	8	119749680	0/1
4	138872682	14	58357548	1/1
4	138872683	14	58358108	1/1
4	141354840	7	83900208	0/1
4	141355975	7	83900206	0/1
4	145591943	5	55374545	0/1
4	145592486	5	55374545	0/1
4	161485965	5	116671705	1/1
4	161486360	5	116671706	1/1
4	174188226	8	106975362	0/1
4	174188357	8	106975362	0/1
4	175185509	22	40055640	0/1
4	175186625	22	40055641	0/1
4	176915158	X	16378068	0/1
4	176915604	X	16378069	0/1
4	184377830	X	151439971	1/1
4	184377832	X	151440647	1/1
5	8753408	2	75362165	1/1
5	8753409	2	75364225	1/1
5	19538706	19	244253	0/1
5	31852957	7	39077660	0/1
5	31852958	7	39077751	0/1
5	34934529	17	1574614	1/1
5	34934644	17	1574617	1/1
5	37535836	16	26288713	0/1
5	37535837	16	26289452	0/1
5	39211295	12	2236439	1/1
5	39213530	12	2236440	1/1
5	41425481	12	11827419	0/1
5	41426017	12	11827422	0/1
5	44618161	4	48484863	1/1
5	45274024	4	20889555	0/1
5	45276006	4	20889556	0/1
5	53144382	6	126240439	1/1
5	53146072	6	126240441	1/1
5	53203276	20	48008400	0/1
5	53203278	20	48008879	0/1
5	55374545	4	145591943	0/1
5	55374545	4	145592486	0/1
5	57434258	20	31071413	1/1
5	57435136	20	31071414	1/1
5	71158837	6	36587478	0/1
5	71158838	6	36586707	0/1
5	87186508	7	66662341	0/1
5	87187437	7	66662342	0/1
5	97093651	3	97151520	0/1
5	97093652	3	97151918	0/1
5	116671705	4	161485965	1/1
5	116671706	4	161486360	1/1
5	120817327	19	48551598	0/1
5	120819648	19	48551579	0/1
5	123069970	6	80541020	1/1
5	123070343	6	80541022	1/1
5	133398132	13	98249160	0/1
5	133398133	13	98249469	0/1
5	133665071	12	21788276	0/1
5	133665072	12	21796992	0/1
5	134005384	7	96650506	0/1
5	134005386	7	96651355	0/1
5	134051368	11	112918309	1/1
5	134051369	11	112918392	1/1
5	135430269	Y	22175083	1/1
5	135430272	Y	22175512	1/1
5	135733909	20	41921650	1/1
5	135734063	20	41921651	1/1
5	151832202	3	190955849	1/1
5	151832202	3	190957031	1/1
5	155666022	10	90971411	0/1
5	155666433	10	90971412	0/1
5	156822497	7	88488968	0/1
5	156822605	7	88488968	0/1
5	171151851	7	96110681	1/1
5	171152295	7	96110682	1/1
6	684065	1	56519893	1/1
6	684653	1	56519894	1/1
6	19305937	1	30521100	0/1
6	19305938	1	30521679	0/1
6	20798870	18	9953590	1/1
6	20799999	18	9953591	1/1
6	28679188	20	23232036	1/1
6	28679188	20	23234224	1/1
6	30196947	4	24443636	0/1
6	30196949	4	24444509	0/1
6	36509098	19	23876685	0/1
6	36509099	19	23877185	0/1
6	36586701	5	71158844	0/1
6	36587478	5	71158837	0/1
6	45299368	X	1446197	0/1
6	45299370	X	1446776	0/1
6	47283677	Y	5873893	1/1
6	51009572	4	21614178	0/1
6	51009573	4	21614635	0/1
6	52404645	X	40615096	0/1
6	52405071	X	40615397	0/1
6	57175364	7	32874216	0/1
6	57175786	7	32874217	0/1
6	71210362	14	72658322	0/1
6	71210363	14	72660785	0/1
6	71891035	21	40182255	0/1
6	71892395	21	40182256	0/1
6	73080480	8	61342473	0/1
6	73082435	8	61342474	0/1
6	74986505	19	37703486	0/1
6	74986507	19	37702877	0/1
6	80373985	12	86695086	0/1
6	80373986	12	86697258	0/1
6	80541020	5	123069970	1/1
6	80541022	5	123070343	1/1
6	81103127	14	51482424	0/1
6	81103128	14	51482976	0/1
6	92753728	13	94206469	1/1
6	92754081	13	94206472	1/1
6	101829115	9	109473241	1/1
6	101829118	9	109473778	1/1
6	106235307	21	43519741	0/1
6	106235308	21	43519850	0/1
6	107803971	3	146587824	0/1
6	107804047	3	146587825	0/1
6	110512002	19	32167304	0/1
6	110513766	19	32167305	0/1
6	111854546	X	151057026	0/1
6	111854548	X	151058864	0/1
6	113837816	17	36821304	0/1
6	113837817	17	36821882	0/1
6	123095150	4	127545935	0/1
6	123095151	4	127547502	0/1
6	126240439	5	53144382	1/1
6	126240441	5	53146072	1/1
6	138495892	21	45486329	1/1
6	138495893	21	45488239	1/1
6	140165377	2	219044030	0/1
6	158733278	3	162816802	1/1
6	158733278	3	162817193	1/1
6	159258510	8	57941322	1/1
6	159258609	8	57941323	1/1
6	167806838	13	34928045	0/1
6	167806840	13	34928568	0/1
7	3027051	10	37716173	1/1
7	3027052	10	37716574	1/1
7	9654895	X	2517447	0/1
7	9654896	X	2516980	0/1
7	20785615	17	6401246	1/1
7	20785616	17	6402395	1/1
7	20983026	18	14393663	0/1
7	20983028	18	14394017	0/1
7	22715329	20	5290653	1/1
7	22715330	20	5291056	1/1
7	24467171	9	13425542	0/1
7	24778790	10	1109382	0/1
7	24778951	10	1109632	1/1
7	30260239	16	33978541	1/1
7	30260240	16	33978697	1/1
7	31278748	8	21250166	1/1
7	31278750	8	21249740	1/1
7	31653527	Y	5270578	0/1
7	31653528	Y	5272327	0/1
7	32874216	6	57175364	0/1
7	32874217	6	57175786	0/1
7	37367410	8	4507846	0/1
7	37367411	8	4508420	0/1
7	38307945	1	40013160	0/1
7	38307946	1	40012574	0/1
7	39077660	5	31852957	0/1
7	39077751	5	31852958	0/1
7	41514658	9	25600603	0/1
7	41515942	9	25600604	0/1
7	46328873	10	12411206	0/1
7	46328874	10	12412022	0/1
7	66662341	5	87186508	0/1
7	66662342	5	87187437	0/1
7	73267125	8	56396307	0/1
7	73268202	8	56396306	0/1
7	76652056	1	158788067	0/1
7	83900206	4	141355975	0/1
7	83900208	4	141354840	0/1
7	83915441	15	67072857	0/1
7	83916148	15	67072860	0/1
7	88488968	5	156822497	0/1
7	88488968	5	156822605	0/1
7	90150261	20	52611689	0/1
7	90150500	20	52611690	0/1
7	95478238	12	93206481	1/1
7	95478526	12	93206481	1/1
7	96110681	5	171151851	1/1
7	96110682	5	171152295	1/1
7	96650506	5	134005384	0/1
7	96651355	5	134005386	0/1
7	97399195	16	15808888	0/1
7	97399295	16	15808612	0/1
7	106287488	15	41775761	0/1
7	106287489	15	41709302	0/1
7	109918576	14	67853108	0/1
7	125922940	9	139456208	0/1
7	125922943	9	139457909	0/1
7	131338053	20	33915949	0/1
7	131338054	20	33917039	0/1
7	138111788	10	89298793	1/1
7	138111789	10	89300143	1/1
7	139415955	Y	16714996	0/1
7	139416032	Y	16714999	0/1
7	144877560	18	71160772	0/1
7	144879775	18	71160773	0/1
8	2489248	19	24314149	0/1
8	2489248	19	24315992	0/1
8	4507846	7	37367410	0/1
8	4508420	7	37367411	0/1
8	4636955	3	9134824	1/1
8	4636956	3	9135245	1/1
8	9129384	19	1564455	0/1
8	9129555	19	1564456	0/1
8	9152723	10	14187843	1/1
8	9152724	10	14187917	1/1
8	13580541	19	19317385	0/1
8	13581679	19	19317386	0/1
8	14644859	4	32639881	0/1
8	14645357	4	32639882	0/1
8	15115637	12	3647693	0/1
8	15116815	12	3647693	0/1
8	15445916	17	5013237	1/1
8	15445918	17	5015079	1/1
8	15614922	12	11136169	0/1
8	15614923	12	11134902	0/1
8	16974491	18	7301417	1/1
8	16974492	18	7302050	1/1
8	19555557	16	33554126	0/1
8	19556236	16	33554127	0/1
8	21249740	7	31278750	1/1
8	21250166	7	31278748	1/1
8	23038448	3	57110549	1/1
8	23038450	3	57109773	1/1
8	26699929	3	10161862	0/1
8	26701210	3	10161864	0/1
8	32632334	3	33056586	1/1
8	32632335	3	33058447	1/1
8	35749006	4	13719466	1/1
8	35749318	4	13719468	1/1
8	37036652	3	54194603	1/1
8	37038106	3	54194604	1/1
8	37328951	17	11702516	0/1
8	37329523	17	11702517	0/1
8	37705344	X	19210108	1/1
8	37705345	X	19211897	1/1
8	39158465	19	7966036	1/1
8	39158468	19	7966152	1/1
8	56396306	7	73268202	0/1
8	56396307	7	73267125	0/1
8	57941322	6	159258510	1/1
8	57941323	6	159258609	1/1
8	59426621	4	81757556	1/1
8	59427218	4	81757555	1/1
8	61342473	6	73080480	0/1
8	61342474	6	73082435	0/1
8	72184328	1	200243155	1/1
8	72184913	1	200243155	1/1
8	77112580	4	114691345	0/1
8	77113094	4	114691346	0/1
8	85742855	20	47980647	1/1
8	85743988	20	47980648	1/1
8	92998934	21	43166940	0/1
8	92998935	21	43167689	0/1
8	93125931	13	93364714	0/1
8	93126252	13	93365120	0/1
8	94866159	20	48268478	0/1
8	94866407	20	48268478	0/1
8	96692459	16	24021176	0/1
8	96692460	16	24021175	0/1
8	104999736	1	183060809	1/1
8	104999737	1	183061526	1/1
8	106939561	16	48089366	0/1
8	106939562	16	48089788	0/1
8	106975362	4	174188226	0/1
8	106975362	4	174188357	0/1
8	110236317	13	89831265	0/1
8	110238592	13	89831265	0/1
8	117651114	12	129797243	1/1
8	117652771	12	129797247	1/1
8	119749679	4	138734535	0/1
8	119749680	4	138734633	0/1
8	120398851	14	72960900	1/1
8	120399225	14	72960900	1/1
8	127542367	12	131360918	0/1
8	127542368	12	131362778	0/1
8	131254149	10	131571819	1/1
8	131254150	10	131572211	1/1
8	132428585	3	133952456	0/1
8	132428586	3	133954186	0/1
8	137387416	12	63864166	0/1
8	137387416	12	63864356	0/1
8	142368047	17	58343386	0/1
8	142368048	17	58340999	0/1
9	2539594	12	1815491	0/1
9	2539595	12	1815597	0/1
9	7176262	1	43785146	0/1
9	7176673	1	43785149	0/1
9	13425542	7	24467171	0/1
9	17241400	19	21797370	1/1
9	17241401	19	21797461	1/1
9	21482754	X	20896457	1/1
9	21482754	X	20897004	1/1
9	22118490	X	55329901	0/1
9	25600603	7	41514658	0/1
9	25600604	7	41515942	0/1
9	27320487	17	16851113	0/1
9	27322308	17	16851114	0/1
9	33690910	16	25850342	0/1
9	33690911	16	25850786	0/1
9	33774140	11	41441439	1/1
9	33775730	11	41441440	1/1
9	35884751	22	22716539	0/1
9	35884752	22	22715688	0/1
9	36378162	17	8238708	0/1
9	36380499	17	8238709	0/1
9	37435663	3	17626197	0/1
9	37436036	3	17626198	0/1
9	43601528	2	17945640	1/1
9	43601529	2	17943810	1/1
9	75515578	3	188900758	0/1
9	75515775	3	188900758	0/1
9	76700742	16	75821760	1/1
9	76700744	16	75822064	1/1
9	79687912	11	118326602	0/1
9	79689474	11	118326603	0/1
9	80095081	12	70130782	1/1
9	80095549	12	70130783	1/1
9	81485774	1	160101183	1/1
9	81485774	1	160102171	1/1
9	83238392	12	71381844	1/1
9	83238394	12	71382334	1/1
9	83378732	2	167969266	1/1
9	83379324	2	167969269	1/1
9	88045838	18	26403488	1/1
9	88045840	18	26403662	1/1
9	93827624	16	83355319	1/1
9	93829310	16	83355319	1/1
9	95375152	17	28007516	1/1
9	95375155	17	28009461	1/1
9	96649414	4	53980092	1/1
9	96649414	4	53981040	1/1
9	99868800	15	100188057	0/1
9	99869059	15	100188058	0/1
9	101385625	21	30068644	0/1
9	101385627	21	30069468	0/1
9	105805489	20	44217680	1/1
9	105805491	20	44218564	1/1
9	108029758	1	198717473	1/1
9	108030584	1	198717475	1/1
9	109473241	6	101829115	1/1
9	109473778	6	101829118	1/1
9	113234870	22	47908346	1/1
9	113236937	22	47908347	1/1
9	124019575	14	68160638	1/1
9	124021868	14	68160641	1/1
9	124588898	4	85247948	0/1
9	124588899	4	85248358	0/1
9	133005513	12	64703449	0/1
9	133005917	12	64703450	0/1
9	133947953	4	97556342	0/1
9	133948490	4	97556342	0/1
9	135110412	17	63792290	0/1
9	135110552	17	63792290	0/1
9	136034231	18	40240852	0/1
9	136034232	18	40241351	0/1
9	139456208	7	125922940	0/1
9	139457909	7	125922943	0/1
10	748763	19	4061198	0/1
10	748764	19	4061669	0/1
10	1109382	7	24778790	0/1
10	1109632	7	24778951	1/1
10	5273880	11	20112652	0/1
10	5273881	11	20113975	0/1
10	11323867	3	24343484	1/1
10	11325089	3	24343485	1/1
10	12411206	7	46328873	0/1
10	12412022	7	46328874	0/1
10	14187843	8	9152723	1/1
10	14187917	8	9152724	1/1
10	18644633	4	26289574	0/1
10	18691971	20	23253058	0/1
10	18693000	20	23253059	0/1
10	21432216	2	3971364	0/1
10	21432461	2	3971366	0/1
10	21794306	16	1396483	0/1
10	21794570	16	1396484	0/1
10	27676745	1	72440667	1/1
10	27677939	1	72440669	1/1
10	28424203	12	18814256	0/1
10	28424204	12	18814824	0/1
10	33657284	16	26429670	0/1
10	37218655	1	112355873	0/1
10	37218656	1	112356524	0/1
10	37716173	7	3027051	1/1
10	37716574	7	3027052	1/1
10	45765006	Y	17402653	0/1
10	45765007	Y	17403196	0/1
10	50559830	11	66872507	1/1
10	50559831	11	66872783	1/1
10	53460582	X	124107240	0/1
10	53460587	X	124109007	0/1
10	56875233	13	48319443	0/1
10	56875532	13	48319862	0/1
10	57701033	20	62473372	0/1
10	57701205	20	62473373	0/1
10	61332292	22	32954827	0/1
10	61334671	22	32954826	0/1
10	74681359	Y	21193748	1/1
10	74683640	Y	21193749	1/1
10	75490183	Y	16011677	1/1
10	75490184	Y	16012409	1/1
10	75577951	11	88694846	0/1
10	75578374	11	88694847	0/1
10	80987943	18	53081284	1/1
10	80987944	18	53083763	1/1
10	83939378	16	71361046	1/1
10	83940131	16	71361047	1/1
10	89298793	7	138111788	1/1
10	89300143	7	138111789	1/1
10	90971411	5	155666022	0/1
10	90971412	5	155666433	0/1
10	105625541	3	118347790	1/1
10	105625542	3	118349647	1/1
10	113559438	14	23103654	0/1
10	113559527	14	23103655	0/1
10	116047205	4	125079715	0/1
10	116047206	4	125078263	0/1
10	121987333	16	73114121	1/1
10	121987334	16	73114710	1/1
10	128853754	1	173024158	1/1
10	128853755	1	173025699	1/1
10	131571819	8	131254149	1/1
10	131572211	8	131254150	1/1
11	913930	X	40062522	0/1
11	914066	X	40062762	1/1
11	5563817	17	807431	1/1
11	5565719	17	807433	1/1
11	13495273	14	26420200	0/1
11	13495424	14	26420201	0/1
11	16302580	X	1761307	0/1
11	16302909	X	1761309	0/1
11	19787347	4	46061815	0/1
11	19787348	4	46064134	0/1
11	20112652	10	5273880	0/1
11	20113975	10	5273881	0/1
11	25621647	12	14431008	0/1
11	25622191	12	14431007	0/1
11	28028802	4	2261703	1/1
11	28029373	4	2261705	1/1
11	41441439	9	33774140	1/1
11	41441440	9	33775730	1/1
11	43657168	Y	8620712	1/1
11	43657169	Y	8620962	1/1
11	43946163	16	27069110	0/1
11	43946462	16	27069532	0/1
11	45925065	12	25289386	1/1
11	45925066	12	25290658	1/1
11	46934630	1	93824543	0/1
11	46934631	1	93825725	0/1
11	47197480	19	4650594	1/1
11	47198030	19	4650595	1/1
11	49887125	18	14769065	1/1
11	49887465	18	14769064	1/1
11	51322639	3	30245940	0/1
11	51322640	3	30246288	0/1
11	62085886	17	77861065	1/1
11	62088058	17	77861067	1/1
11	64533891	X	83953759	1/1
11	64533892	X	83953981	1/1
11	64889210	18	72057456	0/1
11	66872507	10	50559830	1/1
11	66872783	10	50559831	1/1
11	72378136	15	75115974	0/1
11	72378436	15	75116371	0/1
11	74898129	16	89819983	1/1
11	74898132	16	89817764	1/1
11	75421605	13	75747635	1/1
11	75421606	13	75747825	1/1
11	87408601	19	43630729	0/1
11	87410840	19	43630730	0/1
11	88580518	1	159177030	1/1
11	88580711	1	159177029	1/1
11	88694846	10	75577951	0/1
11	88694847	10	75578374	0/1
11	88819259	17	57134512	1/1
11	88819422	17	57134513	1/1
11	93661850	13	82591501	0/1
11	93664256	13	82591502	0/1
11	109538308	21	24130378	0/1
11	109570860	21	24130377	0/1
11	112918309	5	134051368	1/1
11	112918392	5	134051369	1/1
11	114956332	22	42139818	1/1
11	114956332	22	42141766	1/1
11	118326602	9	79687912	0/1
11	118326603	9	79689474	0/1
11	118327083	X	144652986	0/1
11	118327083	X	144653564	0/1
11	127262292	17	39780882	0/1
11	127262293	17	39775692	0/1
11	134038896	17	30999771	0/1
11	134038897	17	31000119	0/1
12	1333046	19	3829110	1/1
12	1333047	19	3829444	1/1
12	1815491	9	2539594	0/1
12	1815597	9	2539595	0/1
12	2236439	5	39211295	1/1
12	2236440	5	39213530	1/1
12	3647693	8	15115637	0/1
12	3647693	8	15116815	0/1
12	11134902	8	15614923	0/1
12	11136169	8	15614922	0/1
12	11827419	5	41425481	0/1
12	11827422	5	41426017	0/1
12	13097720	13	89966621	0/1
12	14431007	11	25622191	0/1
12	14431008	11	25621647	0/1
12	14432562	3	32244419	0/1
12	14432640	3	32244420	0/1
12	18814256	10	28424203	0/1
12	18814824	10	28424204	0/1
12	21788276	5	133665071	0/1
12	21796992	5	133665072	0/1
12	25289386	11	45925065	1/1
12	25290658	11	45925066	1/1
12	32681273	16	33683580	0/1
12	38786580	22	47581086	1/1
12	38786929	22	47581087	1/1
12	41701356	19	49142930	0/1
12	41701357	19	49143018	0/1
12	52369712	22	37205578	0/1
12	52369931	22	37205579	0/1
12	63864166	8	137387416	0/1
12	63864356	8	137387416	0/1
12	64703449	9	133005513	0/1
12	64703450	9	133005917	0/1
12	70130782	9	80095081	1/1
12	70130783	9	80095549	1/1
12	71381844	9	83238392	1/1
12	71382334	9	83238394	1/1
12	73865061	3	136064151	0/1
12	73865062	3	136064415	0/1
12	74723574	16	87902232	1/1
12	74723574	16	87903263	1/1
12	86695086	6	80373985	0/1
12	86697258	6	80373986	0/1
12	87697008	15	37982970	1/1
12	87698757	15	37982971	1/1
12	92891136	2	130795229	1/1
12	92892950	2	130795229	1/1
12	93206481	7	95478238	1/1
12	93206481	7	95478526	1/1
12	104562770	22	21167657	0/1
12	107966960	14	25987316	0/1
12	107967519	14	25987317	0/1
12	116966828	3	141663356	0/1
12	116966830	3	141663270	0/1
12	117376449	3	170419255	0/1
12	117377735	3	170419256	0/1
12	118498868	16	80431515	0/1
12	118498868	16	80432061	0/1
12	120006726	16	88186844	0/1
12	120006727	16	88186973	0/1
12	129797243	8	117651114	1/1
12	129797247	8	117652771	1/1
12	131360918	8	127542367	0/1
12	131362778	8	127542368	0/1
13	19361307	22	29198890	1/1
13	19361308	22	29199383	1/1
13	32105300	14	71364121	0/1
13	32105301	14	71364777	0/1
13	34928045	6	167806838	0/1
13	34928568	6	167806840	0/1
13	48064210	2	168867078	1/1
13	48066231	2	168867079	1/1
13	48319443	10	56875233	0/1
13	48319862	10	56875532	0/1
13	49267491	17	63920915	0/1
13	49267713	17	63920916	0/1
13	58123738	20	55690756	0/1
13	58123738	20	55693022	0/1
13	75747635	11	75421605	1/1
13	75747825	11	75421606	1/1
13	82591501	11	93661850	0/1
13	82591502	11	93664256	0/1
13	89831265	8	110236317	0/1
13	89831265	8	110238592	0/1
13	89966585	12	13097756	0/1
13	93364714	8	93125931	0/1
13	93365120	8	93126252	0/1
13	94206469	6	92753728	1/1
13	94206472	6	92754081	1/1
13	98249160	5	133398132	0/1
13	98249469	5	133398133	0/1
14	23103654	10	113559438	0/1
14	23103655	10	113559527	0/1
14	24313632	19	31985186	1/1
14	24314261	19	31985188	1/1
14	24407496	3	174245880	0/1
14	24407497	3	174245535	0/1
14	25987316	12	107966960	0/1
14	25987317	12	107967519	0/1
14	26420200	11	13495273	0/1
14	26420201	11	13495424	0/1
14	42247026	20	31117184	1/1
14	42247027	20	31117261	1/1
14	48554400	2	170560019	0/1
14	48554483	2	170560020	0/1
14	51482424	6	81103127	0/1
14	51482976	6	81103128	0/1
14	58357548	4	138872682	1/1
14	58358108	4	138872683	1/1
14	67853108	7	109918576	0/1
14	68160638	9	124019575	1/1
14	68160641	9	124021868	1/1
14	70291746	1	223622466	0/1
14	70468978	18	71666881	1/1
14	70469480	18	71666883	1/1
14	71364121	13	32105300	0/1
14	71364777	13	32105301	0/1
14	71889848	4	90530283	0/1
14	71889849	4	90530862	0/1
14	72658322	6	71210362	0/1
14	72660785	6	71210363	0/1
14	72960900	8	120398851	1/1
14	72960900	8	120399225	1/1
14	82244404	16	78998854	1/1
14	82244406	16	78999570	1/1
15	27303233	18	54306339	0/1
15	27304763	18	54306341	0/1
15	28151820	19	46727844	1/1
15	28151821	19	46728270	1/1
15	37982970	12	87697008	1/1
15	37982971	12	87698757	1/1
15	38534175	4	87554032	0/1
15	38534176	4	87555332	0/1
15	39400373	20	53454783	0/1
15	39400374	20	53456677	0/1
15	41709302	7	106287489	0/1
15	41775761	7	106287488	0/1
15	44964112	X	111707731	0/1
15	44964113	X	111708791	0/1
15	45989936	20	61297978	0/1
15	45989936	20	61298062	0/1
15	52484514	Y	21318736	0/1
15	52484766	Y	21318738	0/1
15	63389110	Y	18829392	0/1
15	63445539	3	168507167	0/1
15	63446132	3	168507166	0/1
15	67072857	7	83915441	0/1
15	67072860	7	83916148	0/1
15	75115974	11	72378136	0/1
15	75116371	11	72378436	0/1
15	77121753	1	174711582	1/1
15	77121754	1	174712205	1/1
15	100045876	18	48605656	0/1
15	100046960	18	48605657	0/1
15	100188057	9	99868800	0/1
15	100188058	9	99869059	0/1
15	101778824	19	53659725	1/1
15	101778991	19	53659726	1/1
16	1396483	10	21794306	0/1
16	1396484	10	21794570	0/1
16	7184843	19	14663940	1/1
16	7185692	19	14663941	1/1
16	9972828	20	18989560	0/1
16	9975266	20	18989561	0/1
16	15808612	7	97399295	0/1
16	15808888	7	97399195	0/1
16	20446459	19	14029472	0/1
16	20447264	19	14029473	0/1
16	24021175	8	96692460	0/1
16	24021176	8	96692459	0/1
16	24145212	2	69376110	1/1
16	24145213	2	69376521	1/1
16	25850342	9	33690910	0/1
16	25850786	9	33690911	0/1
16	26288713	5	37535836	0/1
16	26289452	5	37535837	0/1
16	26429670	10	33657284	0/1
16	27069110	11	43946163	0/1
16	27069532	11	43946462	0/1
16	33554126	8	19555557	0/1
16	33554127	8	19556236	0/1
16	33683580	12	32681273	0/1
16	33978541	7	30260239	1/1
16	33978697	7	30260240	1/1
16	48089366	8	106939561	0/1
16	48089788	8	106939562	0/1
16	57962875	1	43825503	0/1
16	57962876	1	39933311	0/1
16	67982025	18	29386998	0/1
16	67984376	18	29386999	0/1
16	70953478	1	167588650	1/1
16	71361046	10	83939378	1/1
16	71361047	10	83940131	1/1
16	72655174	18	27467073	1/1
16	72655415	18	27467074	1/1
16	72731215	22	33366957	0/1
16	73114121	10	121987333	1/1
16	73114710	10	121987334	1/1
16	75821760	9	76700742	1/1
16	75822064	9	76700744	1/1
16	78998854	14	82244404	1/1
16	78999570	14	82244406	1/1
16	80269762	1	236486321	1/1
16	80269763	1	236486969	1/1
16	80431515	12	118498868	0/1
16	80432061	12	118498868	0/1
16	82451690	17	49363859	0/1
16	82452120	17	49363859	0/1
16	83355319	9	93827624	1/1
16	83355319	9	93829310	1/1
16	83442679	3	114826432	0/1
16	83443045	3	114826433	0/1
16	83701004	18	76053625	1/1
16	83701005	18	76053874	1/1
16	83889121	Y	23117693	1/1
16	83889297	Y	23117694	1/1
16	84017787	2	111488628	1/1
16	84017788	2	111490911	1/1
16	87902232	12	74723574	1/1
16	87903263	12	74723574	1/1
16	88186844	12	120006726	0/1
16	88186973	12	120006727	0/1
16	89817764	11	74898132	1/1
16	89819983	11	74898129	1/1
17	807431	11	5563817	1/1
17	807433	11	5565719	1/1
17	862426	19	5679649	0/1
17	1259693	1	110830362	1/1
17	1259694	1	110830477	1/1
17	1574614	5	34934529	1/1
17	1574617	5	34934644	1/1
17	3583697	2	9122141	0/1
17	3584244	2	9122143	0/1
17	5013237	8	15445916	1/1
17	5015079	8	15445918	1/1
17	6186550	1	36472337	1/1
17	6188988	1	36472339	1/1
17	6401246	7	20785615	1/1
17	6402395	7	20785616	1/1
17	7467278	1	44004898	0/1
17	7467439	1	44004899	0/1
17	8238708	9	36378162	0/1
17	8238709	9	36380499	0/1
17	8733797	X	1912447	0/1
17	8734210	X	1912448	0/1
17	11702516	8	37328951	0/1
17	11702517	8	37329523	0/1
17	12274804	3	82743559	1/1
17	12274920	3	82743560	1/1
17	12718693	20	14803634	0/1
17	12719092	20	14803635	0/1
17	13975256	4	35038339	0/1
17	13975258	4	35040417	0/1
17	14349602	Y	8875364	1/1
17	14349953	Y	8875365	1/1
17	16851113	9	27320487	0/1
17	16851114	9	27322308	0/1
17	19287108	X	21153788	0/1
17	19287108	X	21154115	0/1
17	27467489	Y	14016223	1/1
17	27467490	Y	14016546	1/1
17	28007516	9	95375152	1/1
17	28009461	9	95375155	1/1
17	30999771	11	134038896	0/1
17	31000119	11	134038897	0/1
17	36821304	6	113837816	0/1
17	36821882	6	113837817	0/1
17	39775692	11	127262293	0/1
17	39780882	11	127262292	0/1
17	40495751	1	150583003	0/1
17	40496301	1	150583003	0/1
17	49363859	16	82451690	0/1
17	49363859	16	82452120	0/1
17	57134512	11	88819259	1/1
17	57134513	11	88819422	1/1
17	58340999	8	142368048	0/1
17	58343386	8	142368047	0/1
17	61334335	X	84104580	1/1
17	61336416	X	84104581	1/1
17	62670877	3	169333093	0/1
17	62671485	3	169333095	0/1
17	63792290	9	135110412	0/1
17	63792290	9	135110552	0/1
17	63920915	13	49267491	0/1
17	63920916	13	49267713	0/1
17	66580933	21	23564252	0/1
17	67025844	3	154621530	1/1
17	67027598	3	154621531	1/1
17	68242920	4	64449142	0/1
17	68243231	4	64449561	0/1
17	72205734	1	234724522	0/1
17	72205735	1	234724630	0/1
17	73383068	3	56709059	0/1
17	76824436	4	91859327	0/1
17	76824437	4	91859433	0/1
17	77861065	11	62085886	1/1
17	77861067	11	62088058	1/1
17	78483226	18	22492813	0/1
17	78483673	18	22492813	0/1
18	1440885	3	20037716	1/1
18	1440996	3	20037717	1/1
18	3159711	X	22790665	1/1
18	3159712	X	22790950	1/1
18	4514334	X	56954781	0/1
18	4514335	X	56955804	0/1
18	5238479	Y	4906293	0/1
18	5238480	Y	4908273	0/1
18	6704355	Y	6104073	0/1
18	7301417	8	16974491	1/1
18	7302050	8	16974492	1/1
18	9953590	6	20798870	1/1
18	9953591	6	20799999	1/1
18	9960384	19	3989951	1/1
18	9962005	19	3989952	1/1
18	10163183	X	45592226	0/1
18	10163183	X	45592711	0/1
18	14393663	7	20983026	0/1
18	14394017	7	20983028	0/1
18	14654444	4	40711738	0/1
18	14656343	4	40711740	0/1
18	14737093	3	33287999	0/1
18	14737094	3	33289814	0/1
18	14769064	11	49887465	1/1
18	14769065	11	49887125	1/1
18	22492812	17	78483674	0/1
18	22492813	17	78483226	0/1
18	26403488	9	88045838	1/1
18	26403662	9	88045840	1/1
18	27467073	16	72655174	1/1
18	27467074	16	72655415	1/1
18	29386998	16	67982025	0/1
18	29386999	16	67984376	0/1
18	29587871	19	32968458	0/1
18	29588017	19	32968704	1/1
18	30039076	19	31916601	1/1
18	30039077	19	31917046	1/1
18	31934620	X	113755356	0/1
18	31934621	X	113755686	0/1
18	34013648	19	54288325	1/1
18	34013649	19	54290431	1/1
18	38726569	1	154571536	0/1
18	38727248	1	154571537	0/1
18	40240852	9	136034231	0/1
18	40241351	9	136034232	0/1
18	48605656	15	100045876	0/1
18	48605657	15	100046960	0/1
18	49580000	1	212288368	0/1
18	50658577	3	166672294	0/1
18	50658578	3	166674375	0/1
18	53081284	10	80987943	1/1
18	53083763	10	80987944	1/1
18	54306339	15	27303233	0/1
18	54306341	15	27304763	0/1
18	54710641	2	111518780	0/1
18	54710643	2	111518708	0/1
18	54941322	3	170163580	1/1
18	54941323	3	170164004	1/1
18	57229003	19	34100404	0/1
18	57229410	19	34100676	0/1
18	59074186	20	34634361	0/1
18	59074186	20	34636354	0/1
18	65145311	19	58193691	0/1
18	65145795	19	58193692	0/1
18	65233277	Y	18620141	0/1
18	65233278	Y	18619951	0/1
18	71160772	7	144877560	0/1
18	71160773	7	144879775	0/1
18	71666881	14	70468978	1/1
18	71666883	14	70469480	1/1
18	72057456	11	64889210	0/1
18	76053625	16	83701004	1/1
18	76053874	16	83701005	1/1
18	76389849	1	162094740	1/1
18	76389850	1	162095252	1/1
19	244253	5	19538706	0/1
19	1564455	8	9129384	0/1
19	1564456	8	9129555	0/1
19	3829110	12	1333046	1/1
19	3829444	12	1333047	1/1
19	3989951	18	9960384	1/1
19	3989952	18	9962005	1/1
19	4061198	10	748763	0/1
19	4061669	10	748764	0/1
19	4650594	11	47197480	1/1
19	4650595	11	47198030	1/1
19	5679597	17	862478	0/1
19	7966036	8	39158465	1/1
19	7966152	8	39158468	1/1
19	8450549	Y	8576078	0/1
19	8450658	Y	8576079	0/1
19	11239309	1	18222434	1/1
19	11239310	1	18222751	1/1
19	13523393	20	3012218	1/1
19	13523474	20	3012219	1/1
19	14029472	16	20446459	0/1
19	14029473	16	20447264	0/1
19	14663940	16	7184843	1/1
19	14663941	16	7185692	1/1
19	19317385	8	13580541	0/1
19	19317386	8	13581679	0/1
19	21062229	3	26586128	1/1
19	21062609	3	26586127	1/1
19	21797370	9	17241400	1/1
19	21797461	9	17241401	1/1
19	23163241	1	60706429	0/1
19	23163251	1	60707456	0/1
19	23876685	6	36509098	0/1
19	23877185	6	36509099	0/1
19	24314149	8	2489248	0/1
19	24315992	8	2489248	0/1
19	31032836	2	115526129	1/1
19	31033260	2	115526130	1/1
19	31916601	18	30039076	1/1
19	31917046	18	30039077	1/1
19	31985186	14	24313632	1/1
19	31985188	14	24314261	1/1
19	32167304	6	110512002	0/1
19	32167305	6	110513766	0/1
19	32968458	18	29587871	0/1
19	32968704	18	29588017	1/1
19	34100404	18	57229003	0/1
19	34100676	18	57229410	0/1
19	35832506	22	45494162	0/1
19	35833523	22	45494163	0/1
19	37702877	6	74986507	0/1
19	37703486	6	74986505	0/1
19	43198288	2	143199717	1/1
19	43198290	2	143199814	1/1
19	43630729	11	87408601	0/1
19	43630730	11	87410840	0/1
19	46727844	15	28151820	1/1
19	46728270	15	28151821	1/1
19	48551579	5	120819648	0/1
19	48551598	5	120817327	0/1
19	49142930	12	41701356	0/1
19	49143018	12	41701357	0/1
19	50784937	22	36791336	0/1
19	50785272	22	36791336	0/1
19	53659725	15	101778824	1/1
19	53659726	15	101778991	1/1
19	54288325	18	34013648	1/1
19	54290431	18	34013649	1/1
19	58193691	18	65145311	0/1
19	58193692	18	65145795	0/1
20	3012218	19	13523393	1/1
20	3012219	19	13523474	1/1
20	5290653	7	22715329	1/1
20	5291056	7	22715330	1/1
20	7248475	4	5568387	1/1
20	7248476	4	5568459	1/1
20	7527164	Y	7811223	1/1
20	7527618	Y	7811221	1/1
20	11086193	X	55947992	1/1
20	11086357	X	55947993	1/1
20	13945391	22	23798610	0/1
20	13945772	22	23798609	0/1
20	14803634	17	12718693	0/1
20	14803635	17	12719092	0/1
20	17026981	4	7524949	0/1
20	17026982	4	7527050	0/1
20	18989560	16	9972828	0/1
20	18989561	16	9975266	0/1
20	19905984	X	16717916	0/1
20	19906291	X	16717918	0/1
20	22701400	X	125900355	0/1
20	22701401	X	141757365	0/1
20	23232036	6	28679188	1/1
20	23234224	6	28679188	1/1
20	23253058	10	18691971	0/1
20	23253059	10	18693000	0/1
20	31071413	5	57434258	1/1
20	31071414	5	57435136	1/1
20	31117184	14	42247026	1/1
20	31117261	14	42247027	1/1
20	33915949	7	131338053	0/1
20	33917039	7	131338054	0/1
20	34634361	18	59074186	0/1
20	34636354	18	59074186	0/1
20	35868921	21	22978265	1/1
20	35869071	21	22978267	1/1
20	38458205	21	39266369	1/1
20	38458206	21	39266809	1/1
20	41921650	5	135733909	1/1
20	41921651	5	135734063	1/1
20	44217680	9	105805489	1/1
20	44218564	9	105805491	1/1
20	47719794	22	35127370	0/1
20	47720290	22	35127371	0/1
20	47980647	8	85742855	1/1
20	47980648	8	85743988	1/1
20	48008400	5	53203276	0/1
20	48008879	5	53203278	0/1
20	48268478	8	94866159	0/1
20	48268478	8	94866407	0/1
20	48584713	3	122005434	1/1
20	48585554	3	122005434	1/1
20	52611689	7	90150261	0/1
20	52611690	7	90150500	0/1
20	52634231	1	196899731	0/1
20	52635881	1	196899732	0/1
20	53454783	15	39400373	0/1
20	53456677	15	39400374	0/1
20	55690756	13	58123738	0/1
20	55693022	13	58123738	0/1
20	60616723	2	106785169	1/1
20	60617282	2	106785170	1/1
20	61297978	15	45989936	0/1
20	61298062	15	45989936	0/1
20	62473372	10	57701033	0/1
20	62473373	10	57701205	0/1
21	10428798	2	46048041	0/1
21	10429129	2	46048041	0/1
21	14796732	X	88020000	1/1
21	14796989	X	88020002	1/1
21	15692410	4	83112807	1/1
21	15692909	4	83112808	1/1
21	20104715	2	117092367	0/1
21	20107191	2	117092370	0/1
21	22861753	22	22145505	0/1
21	22863024	22	22145508	0/1
21	22978265	20	35868921	1/1
21	22978267	20	35869071	1/1
21	23564252	17	66580933	0/1
21	24130375	11	109538311	0/1
21	24130377	11	109570860	0/1
21	30068644	9	101385625	0/1
21	30069468	9	101385627	0/1
21	31169396	X	135893391	0/1
21	31169396	X	135893990	0/1
21	34609221	Y	21070058	0/1
21	34609222	Y	21070516	0/1
21	39266369	20	38458205	1/1
21	39266809	20	38458206	1/1
21	39321559	22	30940742	0/1
21	39321944	22	30940744	0/1
21	40182255	6	71891035	0/1
21	40182256	6	71892395	0/1
21	43166940	8	92998934	0/1
21	43167689	8	92998935	0/1
21	43519741	6	106235307	0/1
21	43519850	6	106235308	0/1
21	45486329	6	138495892	1/1
21	45488239	6	138495893	1/1
21	47446316	X	125850646	0/1
21	47446717	X	125850647	0/1
22	21167657	12	104562770	0/1
22	22130214	1	221724858	1/1
22	22130215	1	221725077	1/1
22	22145505	21	22861753	0/1
22	22145508	21	22863024	0/1
22	22715688	9	35884752	0/1
22	22716539	9	35884751	0/1
22	23798606	20	13945395	0/1
22	23798609	20	13945772	0/1
22	29198890	13	19361307	1/1
22	29199383	13	19361308	1/1
22	29259688	1	220863123	0/1
22	29260778	1	220863124	0/1
22	30940742	21	39321559	0/1
22	30940744	21	39321944	0/1
22	32954826	10	61334671	0/1
22	32954827	10	61332292	0/1
22	33366957	16	72731215	0/1
22	35127370	20	47719794	0/1
22	35127371	20	47720290	0/1
22	36471006	1	60228313	0/1
22	36471006	1	60228402	0/1
22	36791336	19	50784937	0/1
22	36791336	19	50785272	0/1
22	37205578	12	52369712	0/1
22	37205579	12	52369931	0/1
22	40055640	4	175185509	0/1
22	40055641	4	175186625	0/1
22	41968132	X	131665633	0/1
22	41968133	X	131665722	0/1
22	42139818	11	114956332	1/1
22	42141766	11	114956332	1/1
22	45494162	19	35832506	0/1
22	45494163	19	35833523	0/1
22	47581086	12	38786580	1/1
22	47581087	12	38786929	1/1
22	47908346	9	113234870	1/1
22	47908347	9	113236937	1/1
X	425954	Y	8764647	0/1
X	425954	Y	8766908	0/1
X	1446197	6	45299368	0/1
X	1446776	6	45299370	0/1
X	1468161	4	31736847	0/1
X	1468438	4	31736848	0/1
X	1761307	11	16302580	0/1
X	1761309	11	16302909	0/1
X	1912447	17	8733797	0/1
X	1912448	17	8734210	0/1
X	2516980	7	9654896	0/1
X	2517447	7	9654895	0/1
X	2699520	Y	2649521	0/1
X	16378068	4	176915158	0/1
X	16378069	4	176915604	0/1
X	16717916	20	19905984	0/1
X	16717918	20	19906291	0/1
X	19210108	8	37705344	1/1
X	19211897	8	37705345	1/1
X	20705135	3	14553162	0/1
X	20705406	3	14553164	0/1
X	20896457	9	21482754	1/1
X	20897004	9	21482754	1/1
X	21153788	17	19287108	0/1
X	21154115	17	19287108	0/1
X	22790665	18	3159711	1/1
X	22790950	18	3159712	1/1
X	24665882	Y	3001855	1/1
X	24665883	Y	3002604	1/1
X	30999818	3	13919237	0/1
X	31002276	3	13919267	0/1
X	34281605	Y	2749769	1/1
X	34281606	Y	2749941	1/1
X	40062522	11	913930	0/1
X	40062762	11	914066	1/1
X	40615096	6	52404645	0/1
X	40615397	6	52405071	0/1
X	43813842	3	40800447	0/1
X	43814180	3	40800448	0/1
X	45592226	18	10163183	0/1
X	45592711	18	10163183	0/1
X	45778427	4	18095329	0/1
X	55329901	9	22118490	0/1
X	55947992	20	11086193	1/1
X	55947993	20	11086357	1/1
X	56954781	18	4514334	0/1
X	56955804	18	4514335	0/1
X	64742055	3	108591618	0/1
X	64742056	3	108591741	0/1
X	83953759	11	64533891	1/1
X	83953981	11	64533892	1/1
X	84104580	17	61334335	1/1
X	84104581	17	61336416	1/1
X	88020000	21	14796732	1/1
X	88020002	21	14796989	1/1
X	95842262	2	234756430	1/1
X	95842264	2	234757776	1/1
X	111707731	15	44964112	0/1
X	111708791	15	44964113	0/1
X	113755356	18	31934620	0/1
X	113755686	18	31934621	0/1
X	124107240	10	53460582	0/1
X	124109007	10	53460587	0/1
X	125850646	21	47446316	0/1
X	125850647	21	47446717	0/1
X	125900350	20	22701405	0/1
X	131665633	22	41968132	0/1
X	131665722	22	41968133	0/1
X	135893391	21	31169396	0/1
X	135893990	21	31169396	0/1
X	141757365	20	22701401	0/1
X	144016258	4	115525493	0/1
X	144016258	4	115525916	0/1
X	144652986	11	118327083	0/1
X	144653564	11	118327083	0/1
X	151057026	6	111854546	0/1
X	151058864	6	111854548	0/1
X	151439971	4	184377830	1/1
X	151440647	4	184377832	1/1
Y	2649521	X	2699520	0/1
Y	2749769	X	34281605	1/1
Y	2749941	X	34281606	1/1
Y	3001855	X	24665882	1/1
Y	3002604	X	24665883	1/1
Y	4081190	1	30443894	1/1
Y	4081635	1	30443895	1/1
Y	4602572	3	52736989	1/1
Y	4906293	18	5238479	0/1
Y	4908273	18	5238480	0/1
Y	5270578	7	31653527	0/1
Y	5272327	7	31653528	0/1
Y	5740083	2	32282817	0/1
Y	5873893	6	47283677	1/1
Y	6104073	18	6704355	0/1
Y	7811221	20	7527618	1/1
Y	7811223	20	7527164	1/1
Y	8576078	19	8450549	0/1
Y	8576079	19	8450658	0/1
Y	8620712	11	43657168	1/1
Y	8620962	11	43657169	1/1
Y	8764647	X	425954	0/1
Y	8766908	X	425954	0/1
Y	8875364	17	14349602	1/1
Y	8875365	17	14349953	1/1
Y	14016223	17	27467489	1/1
Y	14016546	17	27467490	1/1
Y	16011677	10	75490183	1/1
Y	16012409	10	75490184	1/1
Y	16714996	7	139415955	0/1
Y	16714999	7	139416032	0/1
Y	17402653	10	45765006	0/1
Y	17403196	10	45765007	0/1
Y	18619951	18	65233278	0/1
Y	18620141	18	65233277	0/1
Y	18829392	15	63389110	0/1
Y	19237200	2	188208289	0/1
Y	19237763	2	188208289	0/1
Y	21070058	21	34609221	0/1
Y	21070516	21	34609222	0/1
Y	21193748	10	74681359	1/1
Y	21193749	10	74683640	1/1
Y	21318736	15	52484514	0/1
Y	21318738	15	52484766	0/1
Y	22175083	5	135430269	1/1
Y	22175512	5	135430272	1/1
Y	22754031	1	241664447	1/1
Y	22754032	1	241666389	1/1
Y	23117693	16	83889121	1/1
Y	23117694	16	83889297	1/1
