10	748763	19	4061668
10	5273879	11	20112651
10	5273876	11	20113970
10	11325088	3	24343484
10	11323866	3	24343483
10	18692999	20	23253058
10	21794305	16	1396482
10	27677938	1	72440668
10	27676744	1	72440666
10	37218654	1	112355872
10	37218655	1	112356523
10	48862874	14	37451096
10	49383427	14	37451228
10	50559829	11	66872506
10	50559830	11	66872782
10	56875369	13	48319612
10	61421523	2	18321802
10	68354822	1	196194532
10	68354823	1	196194532
10	74683635	Y	21193744
10	74683639	Y	21193748
10	83940124	16	71361040
10	83939377	16	71361045
10	89300142	7	138111788
10	89298792	7	138111787
10	90971410	5	155666021
10	90971411	5	155666432
10	105625540	3	118347789
10	105625540	3	118349646
10	113559437	14	23103653
10	116047205	4	125078262
10	116047204	4	125079714
10	121987332	16	73114120
10	121987333	16	73114709
10	128853753	1	173024157
10	128853754	1	173025698
10	131572210	8	131254149
10	131571818	8	131254148
11	914064	X	40062692
11	914065	X	40062761
11	5565718	17	807432
11	5563816	17	807430
11	13495423	14	26420200
11	19787346	4	46061814
11	19787347	4	46064133
11	20113970	10	5273876
11	43946300	16	27069287
11	51322638	3	30245939
11	62088057	17	77861066
11	62085885	17	77861064
11	93664255	13	82591501
11	109570859	21	24130376
11	109538307	21	24130377
11	114956331	22	42139817
11	114956331	22	42141765
11	118326601	9	79687911
11	118326602	9	79689473
11	127486325	1	184819503
11	127485977	1	184819503
11	134038895	17	30999770
12	14431006	11	25622190
12	14431007	11	25621658
12	18814823	10	28424203
12	18814255	10	28424202
12	21796991	5	133665071
12	25290653	11	45925061
12	25290657	11	45925065
12	25289383	11	45925062
12	25289385	11	45925064
12	38786928	22	47581086
12	38786579	22	47581085
12	41701349	19	49142923
12	41701356	19	49143017
12	49445334	6	31571914
12	52369711	22	37205577
12	72119667	15	73816477
12	72119669	15	73816447
12	87698756	15	37982970
12	87697007	15	37982969
12	90214263	10	3794855
12	107331892	11	74822533
12	107331891	11	74822594
12	118498867	16	80431514
12	118684595	16	2012271
12	118498867	16	80432060
12	120006725	16	88186843
12	120006726	16	88186972
12	129797242	8	117651113
12	129797246	8	117652770
12	131360917	8	127542366
13	48319684	10	56875370
13	58123737	20	55690755
13	60664738	9	81698153
13	75747824	11	75421605
13	75747634	11	75421604
13	82591500	11	93661849
13	89831264	8	110236316
13	89831260	8	110238587
13	94206468	6	92753727
13	94206471	6	92754080
13	98249468	5	133398132
14	23103653	10	113559437
14	42247025	20	31117183
14	42247026	20	31117260
14	58358107	4	138872682
14	58357547	4	138872681
14	67853107	7	109918575
14	82244403	16	78998853
14	82244405	16	78999569
14	105291861	8	67128930
14	105291873	8	67128918
14	105291931	8	67128861
15	27304762	18	54306340
15	27303232	18	54306338
15	37982969	12	87697007
15	37982970	12	87698756
15	45989935	20	61297977
15	45989935	20	61298061
15	52484765	Y	21318737
15	63445538	3	168507166
15	67072855	7	83916143
15	73816449	12	72119668
15	77121752	1	174711581
15	77121753	1	174712204
15	100046959	18	48605656
15	100045875	18	48605655
16	7185691	19	14663940
16	7184842	19	14663939
16	15808887	7	97399194
16	20447263	19	14029472
16	23997781	19	2122831
16	20446458	19	14029471
16	33685188	12	32681273
16	32982552	12	32681273
16	33683576	12	32681269
16	47409360	5	103125411
16	47409361	5	103125476
16	57962875	1	43825501
16	57962876	1	39933309
16	67984375	18	29386998
16	67982024	18	29386997
16	78999569	14	82244405
16	78998853	14	82244403
17	6188987	1	36472338
17	7467438	1	44004898
17	6186549	1	36472336
17	12719091	20	14803634
17	19349244	16	2012061
17	20317925	8	15747888
17	28009460	9	95375153
17	28009460	9	95375154
17	28007515	9	95375151
17	39780881	11	127262291
17	49363858	16	82451689
17	49363858	16	82452119
17	57134511	11	88819258
17	57134512	11	88819421
17	72205733	1	234724521
18	1440995	3	20037716
18	9960383	19	3989950
18	22492812	17	78483225
18	27467072	16	72655173
18	29386997	16	67982024
18	27467073	16	72655414
18	29386998	16	67984375
18	30039075	19	31916600
18	30039076	19	31917045
18	34013648	19	54290430
18	38727247	1	154571536
18	38726568	1	154571535
18	48605656	15	100046959
18	65145794	19	58193691
18	65145304	19	58193684
19	23163250	1	60707455
19	35833522	22	45494162
19	35832505	22	45494161
19	58193691	18	65145794
1	7089290	21	27197186
1	11069137	6	109516969
1	18222433	19	11239308
1	30521678	6	19305937
1	30521099	6	19305936
1	39933309	16	57962876
1	56519892	6	684064
1	56519893	6	684652
1	60707455	19	23163250
1	60706455	19	23163249
1	72440666	10	27676744
1	72440668	10	27677938
1	84696550	11	775142
1	93825724	11	46934630
1	93824542	11	46934629
1	112356521	10	37218655
1	112356523	10	37218655
1	143936450	3	147930611
1	150583002	17	40495750
1	150583002	17	40496300
1	159177029	11	88580517
1	159177028	11	88580710
1	162095251	18	76389849
1	162094739	18	76389848
1	173025698	10	128853754
1	173024157	10	128853753
1	196194532	10	68354823
1	200243151	8	72184324
1	200243154	8	72184327
1	200243154	8	72184912
1	216696485	2	186852349
1	216696486	2	186852740
1	223624583	14	70291745
1	234724629	17	72205734
1	234724521	17	72205733
1	236486968	16	80269762
1	236486320	16	80269761
1	240307382	3	184021508
20	3012217	19	13523392
20	3012218	19	13523473
20	7248474	4	5568386
20	7248475	4	5568458
20	14803634	17	12719091
20	23253057	10	18691970
20	23253058	10	18692999
20	38458204	21	39266368
20	38458205	21	39266808
20	47719793	22	35127369
21	15692908	4	83112807
21	15692409	4	83112806
21	27196994	1	7089482
21	27196998	1	7089479
21	30069467	9	101385626
21	30068643	9	101385624
21	39266808	20	38458205
21	39266368	20	38458204
21	40182254	6	71891034
21	43519740	6	106235306
21	45488238	6	138495892
21	45486328	6	138495891
22	29260777	1	220863123
22	29259687	1	220863122
22	29260777	1	220862968
22	42141765	11	114956331
22	42139817	11	114956331
2	3971363	10	21432215
2	20799327	1	62277588
2	20799327	1	62277894
2	32284141	Y	5740083
2	46048040	21	10429128
2	54820141	4	28076086
2	54820144	4	28076972
2	58237187	4	35833953
2	58237189	4	35835867
2	69376520	16	24145212
2	69376109	16	24145211
2	75364224	5	8753408
2	75362164	5	8753407
2	95490649	9	44086148
2	111490910	16	84017787
2	111488627	16	84017786
2	121392416	3	145691352
2	121391981	3	145691351
2	130795228	12	92891135
2	130795225	12	92892946
2	130795228	12	92892949
2	143199813	19	43198289
2	143199716	19	43198287
2	168867077	13	48064209
2	168867078	13	48066230
2	173041007	15	83020034
2	173041008	15	83019953
2	178611350	6	31571915
2	178611351	6	31571626
2	208354841	3	185516261
2	234757775	X	95842263
2	234756429	X	95842261
3	17626197	9	37436035
3	26586127	19	21062228
3	54194602	8	37036651
3	54194603	8	37038105
3	67305512	5	162504897
3	67305532	5	162504917
3	67305774	5	162505159
3	67305779	5	162505164
3	97151917	5	97093651
3	97151519	5	97093650
3	108591740	X	64742055
3	114826431	16	83442678
3	114826432	16	83443044
3	118349646	10	105625540
3	118349646	10	105625541
3	118347789	10	105625540
3	125003552	6	31571915
3	131752965	6	31571914
3	131752966	6	31571625
3	136064414	12	73865061
3	154621529	17	67025843
3	154621530	17	67027597
3	162817192	6	158733277
3	162816801	6	158733277
3	184020851	1	240307607
3	185516258	2	208354265
3	185516261	2	208354841
3	190957030	5	151832201
3	190955848	5	151832201
4	2261702	11	28028801
4	2261704	11	28029372
4	13719465	8	35749005
4	13719467	8	35749317
4	20889554	5	45274023
4	20889555	5	45276005
4	32639880	8	14644858
4	32639881	8	14645356
4	46061814	11	19787346
4	53981039	9	96649413
4	53980091	9	96649413
4	64449382	17	68243067
4	87555324	15	38534168
4	87554031	15	38534174
4	97556341	9	133947952
4	114691345	8	77113093
4	115525915	X	144016257
4	115525492	X	144016257
4	125079714	10	116047204
4	125078262	10	116047205
4	138872681	14	58357547
4	138872840	14	58358338
4	138872682	14	58358107
4	141355974	7	83900205
4	141354832	7	83900200
4	145592485	5	55374544
4	145591942	5	55374544
4	161486359	5	116671705
4	161485964	5	116671704
4	175186624	22	40055640
4	175185508	22	40055639
4	184377829	X	151439970
4	184377831	X	151440646
4	187157138	19	55728984
4	187157092	19	55729101
4	187157095	19	55729104
5	8753407	2	75362164
5	8753408	2	75364224
5	19538704	19	243738
5	19538705	19	244252
5	34934643	17	1574616
5	34934528	17	1574613
5	45276005	4	20889555
5	45274023	4	20889554
5	53203275	20	48008399
5	78174909	19	55728891
5	78174856	19	55728950
5	78174867	19	55728939
5	87187436	7	66662341
5	87186507	7	66662340
5	97093650	3	97151519
5	116671704	4	161485964
5	151832201	3	190955848
5	151832201	3	190957030
5	155666432	10	90971411
5	162505034	3	67305651
5	171152294	7	96110681
5	171151850	7	96110680
6	684652	1	56519893
6	684064	1	56519892
6	12552994	9	30594487
6	12552994	9	30595057
6	19305937	1	30521678
6	20799994	18	9953586
6	20799998	18	9953590
6	20798869	18	9953589
6	28679187	20	23232035
6	28679187	20	23234223
6	45299367	X	1446196
6	45299369	X	1446775
6	57175785	7	32874216
6	57175363	7	32874215
6	78800907	21	29345520
6	92754080	13	94206471
6	92753727	13	94206468
6	103070349	13	109595609
6	103070351	13	109595654
6	117423288	4	69043274
6	123095149	4	127545934
6	123095150	4	127547501
6	126240438	5	53144381
6	126240440	5	53146071
6	138495891	21	45486328
6	138495892	21	45488238
6	140165376	2	219044029
6	158733277	3	162816801
6	158733277	3	162817192
6	167806837	13	34928044
7	3027050	10	37716172
7	3027051	10	37716573
7	9654895	X	2516979
7	9654894	X	2517446
7	41515941	9	25600603
7	41514657	9	25600602
7	66662340	5	87186507
7	66662341	5	87187436
7	73007372	19	55728975
7	73007374	19	55728974
7	73007375	19	55728972
7	73007376	19	55728972
7	73007287	19	55729062
7	76652054	1	158786965
7	88488967	5	156822496
7	90150499	20	52611689
7	90150256	20	52611684
7	131337576	20	33915611
7	131338052	20	33915948
7	131338053	20	33917038
7	138111787	10	89298792
7	138111788	10	89300142
7	144879774	18	71160772
7	144877559	18	71160771
7	145232296	X	2516977
8	26701209	3	10161863
8	26699928	3	10161861
8	32632333	3	33056585
8	32632334	3	33058446
8	61342467	6	73080474
8	61342473	6	73082434
8	72184912	1	200243154
8	72184324	1	200243151
8	72184327	1	200243154
8	77112579	4	114691344
8	85743987	20	47980647
8	85742854	20	47980646
8	104999735	1	183060808
8	104999736	1	183061525
8	110238587	13	89831260
8	110236316	13	89831264
8	120398850	14	72960899
8	127542366	12	131360917
9	2539593	12	1815490
9	13425382	7	24466941
9	13425383	7	24466997
9	17241399	19	21797369
9	21482753	X	20896456
9	21482753	X	20897003
9	43601528	2	17943809
9	43601527	2	17945639
9	88045837	18	26403487
9	88045839	18	26403661
9	93829309	16	83355318
9	93827623	16	83355318
9	101385624	21	30068643
9	101385626	21	30069467
9	113236936	22	47908346
9	113234869	22	47908345
X	8510151	10	75490183
X	31002275	3	13919266
X	30999817	3	13919236
X	72028834	19	56532380
X	88019999	21	14796731
X	88020001	21	14796988
X	95842261	2	234756429
X	95842263	2	234757775
X	124109006	10	53460586
X	131665721	22	41968132
X	131665632	22	41968131
X	135893989	21	31169395
X	135893390	21	31169395
Y	14016545	17	27467489
Y	14016222	17	27467488
