1 3082623 99818178 96735555 0 10 1/1
1 5445724 5446019 295 2363101 10 0/1
1 7982462 7984162 1700 2536738 10 0/1
1 16052261 16052342 81 8069799 10 0/1
1 21778492 21779482 990 5726231 10 0/1
1 24242133 24242597 464 2463641 10 1/1
1 24242134 24242597 463 1 10 1/1
1 39866181 39866687 506 15624047 10 0/1
1 51937783 51937971 188 12071602 10 0/1
1 55677546 55677782 236 3739763 10 1/1
1 62524024 62525792 1768 6846478 10 0/1
1 82185604 82185703 99 19661580 10 0/1
1 153974957 153975489 532 71789353 10 1/1
1 154617971 154618005 34 643014 10 0/1
1 155739269 155740090 821 1121298 10 0/1
1 158254420 158254810 390 2515151 10 0/1
1 166649078 232538645 65889567 8394658 10 0/1
1 172620477 172620606 129 5971399 10 0/1
1 184187456 184188098 642 11566979 10 1/1
1 187176116 220732671 33556555 2988660 10 0/1
1 213376692 213376947 255 26200576 10 1/1
1 218957214 218957253 39 5580522 10 0/1
1 232156859 232157048 189 13199645 10 0/1
1 237042880 237043055 175 4886021 10 1/1
1 240080247 240080894 647 3037367 10 1/1
1 240893054 240893378 324 812807 10 1/1
1 245189019 245189271 252 4295965 10 0/1
1 246085420 246085569 149 896401 10 1/1
1 248163353 248163430 77 2077933 10 0/1
